USCAPUTLQ;ES;ESA;ESMAG
1967-01-15;89.3902;89.3902;1
1967-02-15;87.975;87.975;1
1967-03-15;87.0835;87.0835;1
1967-04-15;87.5089;87.5089;1
1967-05-15;86.3566;86.3566;1
1967-06-15;85.9603;85.9603;1
1967-07-15;85.3833;85.3833;1
1967-08-15;86.6339;86.6339;1
1967-09-15;86.1122;86.1122;1
1967-10-15;86.4325;86.4325;1
1967-11-15;87.2856;87.2856;1
1967-12-15;87.8417;87.8417;1
1968-01-15;87.3836;87.3836;1
1968-02-15;87.3481;87.3481;1
1968-03-15;87.2735;87.2735;1
1968-04-15;87.0549;87.0549;1
1968-05-15;87.6852;87.6852;1
1968-06-15;87.6626;87.6626;1
1968-07-15;87.1865;87.1865;1
1968-08-15;87.0898;87.0898;1
1968-09-15;87.0812;87.0812;1
1968-10-15;86.9173;86.9173;1
1968-11-15;87.7032;87.7032;1
1968-12-15;87.6431;87.6431;1
1969-01-15;87.8454;87.8454;1
1969-02-15;88.089;88.089;1
1969-03-15;88.4604;88.4604;1
1969-04-15;87.8192;87.8192;1
1969-05-15;87.1748;87.1748;1
1969-06-15;87.7132;87.7132;1
1969-07-15;87.8635;87.8635;1
1969-08-15;87.7541;87.7541;1
1969-09-15;87.4255;87.4255;1
1969-10-15;87.144;87.144;1
1969-11-15;86.0206;86.0206;1
1969-12-15;85.4906;85.4906;1
1970-01-15;83.6294;83.6294;1
1970-02-15;83.3121;83.3121;1
1970-03-15;82.9432;82.9432;1
1970-04-15;82.4716;82.4716;1
1970-05-15;82.1189;82.1189;1
1970-06-15;81.5992;81.5992;1
1970-07-15;81.5463;81.5463;1
1970-08-15;81.1496;81.1496;1
1970-09-15;80.3422;80.3422;1
1970-10-15;78.4935;78.4935;1
1970-11-15;77.7795;77.7795;1
1970-12-15;79.323;79.323;1
1971-01-15;79.7089;79.7089;1
1971-02-15;79.3538;79.3538;1
1971-03-15;79.0655;79.0655;1
1971-04-15;79.307;79.307;1
1971-05-15;79.5069;79.5069;1
1971-06-15;79.6381;79.6381;1
1971-07-15;79.2061;79.2061;1
1971-08-15;78.5477;78.5477;1
1971-09-15;79.6235;79.6235;1
1971-10-15;80.0181;80.0181;1
1971-11-15;80.1565;80.1565;1
1971-12-15;80.8792;80.8792;1
1972-01-15;82.6152;82.6152;1
1972-02-15;83.2013;83.2013;1
1972-03-15;83.6092;83.6092;1
1972-04-15;84.2795;84.2795;1
1972-05-15;84.0266;84.0266;1
1972-06-15;84.0566;84.0566;1
1972-07-15;83.8196;83.8196;1
1972-08-15;84.6956;84.6956;1
1972-09-15;85.101;85.101;1
1972-10-15;86.002;86.002;1
1972-11-15;86.7412;86.7412;1
1972-12-15;87.4683;87.4683;1
1973-01-15;87.7587;87.7587;1
1973-02-15;88.7822;88.7822;1
1973-03-15;88.5157;88.5157;1
1973-04-15;88.0879;88.0879;1
1973-05-15;88.3487;88.3487;1
1973-06-15;88.1084;88.1084;1
1973-07-15;88.1808;88.1808;1
1973-08-15;87.738;87.738;1
1973-09-15;88.2345;88.2345;1
1973-10-15;88.5379;88.5379;1
1973-11-15;88.7286;88.7286;1
1973-12-15;88.2595;88.2595;1
1974-01-15;87.3843;87.3843;1
1974-02-15;86.8812;86.8812;1
1974-03-15;86.6734;86.6734;1
1974-04-15;86.1938;86.1938;1
1974-05-15;86.6419;86.6419;1
1974-06-15;86.3522;86.3522;1
1974-07-15;86.2065;86.2065;1
1974-08-15;85.1895;85.1895;1
1974-09-15;85.0728;85.0728;1
1974-10-15;84.581;84.581;1
1974-11-15;81.6531;81.6531;1
1974-12-15;78.6369;78.6369;1
1975-01-15;77.416;77.416;1
1975-02-15;75.4915;75.4915;1
1975-03-15;74.5607;74.5607;1
1975-04-15;74.5191;74.5191;1
1975-05-15;74.2144;74.2144;1
1975-06-15;74.5787;74.5787;1
1975-07-15;75.149;75.149;1
1975-08-15;75.8128;75.8128;1
1975-09-15;76.6072;76.6072;1
1975-10-15;76.7909;76.7909;1
1975-11-15;76.809;76.809;1
1975-12-15;77.6138;77.6138;1
1976-01-15;78.5752;78.5752;1
1976-02-15;79.1698;79.1698;1
1976-03-15;79.0966;79.0966;1
1976-04-15;79.3741;79.3741;1
1976-05-15;79.5506;79.5506;1
1976-06-15;79.3992;79.3992;1
1976-07-15;79.6778;79.6778;1
1976-08-15;80.0541;80.0541;1
1976-09-15;80.108;80.108;1
1976-10-15;79.9563;79.9563;1
1976-11-15;80.9394;80.9394;1
1976-12-15;81.5875;81.5875;1
1977-01-15;80.9656;80.9656;1
1977-02-15;81.9876;81.9876;1
1977-03-15;82.8324;82.8324;1
1977-04-15;83.3683;83.3683;1
1977-05-15;83.884;83.884;1
1977-06-15;84.2685;84.2685;1
1977-07-15;84.1837;84.1837;1
1977-08-15;83.9615;83.9615;1
1977-09-15;84.1276;84.1276;1
1977-10-15;84.0577;84.0577;1
1977-11-15;83.8932;83.8932;1
1977-12-15;83.7763;83.7763;1
1978-01-15;82.3888;82.3888;1
1978-02-15;82.5541;82.5541;1
1978-03-15;83.8729;83.8729;1
1978-04-15;85.3855;85.3855;1
1978-05-15;85.4447;85.4447;1
1978-06-15;85.7881;85.7881;1
1978-07-15;85.5224;85.5224;1
1978-08-15;85.5973;85.5973;1
1978-09-15;85.5813;85.5813;1
1978-10-15;86.0452;86.0452;1
1978-11-15;86.4597;86.4597;1
1978-12-15;86.7126;86.7126;1
1979-01-15;85.9321;85.9321;1
1979-02-15;86.172;86.172;1
1979-03-15;86.2272;86.2272;1
1979-04-15;85.0869;85.0869;1
1979-05-15;85.5302;85.5302;1
1979-06-15;85.3194;85.3194;1
1979-07-15;85.0221;85.0221;1
1979-08-15;84.2597;84.2597;1
1979-09-15;84.171;84.171;1
1979-10-15;84.4395;84.4395;1
1979-11-15;84.1823;84.1823;1
1979-12-15;84.0904;84.0904;1
1980-01-15;84.3218;84.3218;1
1980-02-15;84.1847;84.1847;1
1980-03-15;83.7375;83.7375;1
1980-04-15;81.8678;81.8678;1
1980-05-15;79.7344;79.7344;1
1980-06-15;78.5927;78.5927;1
1980-07-15;77.8129;77.8129;1
1980-08-15;77.9445;77.9445;1
1980-09-15;79.0383;79.0383;1
1980-10-15;79.8366;79.8366;1
1980-11-15;81.0414;81.0414;1
1980-12-15;81.3164;81.3164;1
1981-01-15;80.6568;80.6568;1
1981-02-15;80.0741;80.0741;1
1981-03-15;80.3124;80.3124;1
1981-04-15;79.7587;79.7587;1
1981-05-15;80.0205;80.0205;1
1981-06-15;80.1963;80.1963;1
1981-07-15;80.4939;80.4939;1
1981-08-15;80.2757;80.2757;1
1981-09-15;79.6011;79.6011;1
1981-10-15;78.8362;78.8362;1
1981-11-15;77.7558;77.7558;1
1981-12-15;76.729;76.729;1
1982-01-15;75.0302;75.0302;1
1982-02-15;76.356;76.356;1
1982-03-15;75.638;75.638;1
1982-04-15;74.8193;74.8193;1
1982-05-15;74.2345;74.2345;1
1982-06-15;73.8843;73.8843;1
1982-07-15;73.5452;73.5452;1
1982-08-15;72.8074;72.8074;1
1982-09-15;72.5103;72.5103;1
1982-10-15;71.7814;71.7814;1
1982-11-15;71.4399;71.4399;1
1982-12-15;70.873;70.873;1
1983-01-15;72.2001;72.2001;1
1983-02-15;71.7117;71.7117;1
1983-03-15;72.2734;72.2734;1
1983-04-15;73.1034;73.1034;1
1983-05-15;73.5996;73.5996;1
1983-06-15;74.0143;74.0143;1
1983-07-15;75.1217;75.1217;1
1983-08-15;75.9001;75.9001;1
1983-09-15;76.9951;76.9951;1
1983-10-15;77.5867;77.5867;1
1983-11-15;77.7897;77.7897;1
1983-12-15;78.1264;78.1264;1
1984-01-15;79.5865;79.5865;1
1984-02-15;79.8479;79.8479;1
1984-03-15;80.1208;80.1208;1
1984-04-15;80.4974;80.4974;1
1984-05-15;80.732;80.732;1
1984-06-15;80.8633;80.8633;1
1984-07-15;80.9655;80.9655;1
1984-08-15;80.8574;80.8574;1
1984-09-15;80.5238;80.5238;1
1984-10-15;80.2056;80.2056;1
1984-11-15;80.3162;80.3162;1
1984-12-15;80.2131;80.2131;1
1985-01-15;79.8716;79.8716;1
1985-02-15;79.9567;79.9567;1
1985-03-15;79.8752;79.8752;1
1985-04-15;79.4638;79.4638;1
1985-05-15;79.387;79.387;1
1985-06-15;79.255;79.255;1
1985-07-15;78.5703;78.5703;1
1985-08-15;78.7277;78.7277;1
1985-09-15;78.917;78.917;1
1985-10-15;78.4525;78.4525;1
1985-11-15;78.5893;78.5893;1
1985-12-15;79.3059;79.3059;1
1986-01-15;79.561;79.561;1
1986-02-15;78.9405;78.9405;1
1986-03-15;78.3132;78.3132;1
1986-04-15;78.3159;78.3159;1
1986-05-15;78.3901;78.3901;1
1986-06-15;78.059;78.059;1
1986-07-15;78.4085;78.4085;1
1986-08-15;78.2355;78.2355;1
1986-09-15;78.3057;78.3057;1
1986-10-15;78.5562;78.5562;1
1986-11-15;78.8164;78.8164;1
1986-12-15;79.3564;79.3564;1
1987-01-15;78.9756;78.9756;1
1987-02-15;79.8477;79.8477;1
1987-03-15;79.8305;79.8305;1
1987-04-15;80.1812;80.1812;1
1987-05-15;80.5282;80.5282;1
1987-06-15;80.7496;80.7496;1
1987-07-15;81.1446;81.1446;1
1987-08-15;81.6635;81.6635;1
1987-09-15;81.7526;81.7526;1
1987-10-15;82.8041;82.8041;1
1987-11-15;83.1432;83.1432;1
1987-12-15;83.4591;83.4591;1
1988-01-15;83.4141;83.4141;1
1988-02-15;83.716;83.716;1
1988-03-15;83.8752;83.8752;1
1988-04-15;84.2927;84.2927;1
1988-05-15;84.1729;84.1729;1
1988-06-15;84.3588;84.3588;1
1988-07-15;84.3778;84.3778;1
1988-08-15;84.6863;84.6863;1
1988-09-15;84.3968;84.3968;1
1988-10-15;84.7563;84.7563;1
1988-11-15;84.8064;84.8064;1
1988-12-15;85.117;85.117;1
1989-01-15;85.2681;85.2681;1
1989-02-15;84.7657;84.7657;1
1989-03-15;84.7974;84.7974;1
1989-04-15;84.7413;84.7413;1
1989-05-15;83.9727;83.9727;1
1989-06-15;83.8366;83.8366;1
1989-07-15;82.9148;82.9148;1
1989-08-15;83.4622;83.4622;1
1989-09-15;82.9712;82.9712;1
1989-10-15;82.7228;82.7228;1
1989-11-15;82.8036;82.8036;1
1989-12-15;83.1146;83.1146;1
1990-01-15;82.3583;82.3583;1
1990-02-15;83.0039;83.0039;1
1990-03-15;83.2347;83.2347;1
1990-04-15;82.9566;82.9566;1
1990-05-15;82.9254;82.9254;1
1990-06-15;83.0457;83.0457;1
1990-07-15;82.7991;82.7991;1
1990-08-15;82.9087;82.9087;1
1990-09-15;82.8938;82.8938;1
1990-10-15;82.1362;82.1362;1
1990-11-15;81.0651;81.0651;1
1990-12-15;80.4215;80.4215;1
1991-01-15;79.9685;79.9685;1
1991-02-15;79.3343;79.3343;1
1991-03-15;78.8179;78.8179;1
1991-04-15;78.9062;78.9062;1
1991-05-15;79.5951;79.5951;1
1991-06-15;80.2395;80.2395;1
1991-07-15;80.2129;80.2129;1
1991-08-15;80.1781;80.1781;1
1991-09-15;80.7811;80.7811;1
1991-10-15;80.5237;80.5237;1
1991-11-15;80.3122;80.3122;1
1991-12-15;79.8547;79.8547;1
1992-01-15;79.2427;79.2427;1
1992-02-15;79.6414;79.6414;1
1992-03-15;80.1756;80.1756;1
1992-04-15;80.5891;80.5891;1
1992-05-15;80.68;80.68;1
1992-06-15;80.5314;80.5314;1
1992-07-15;81.0615;81.0615;1
1992-08-15;80.4936;80.4936;1
1992-09-15;80.5266;80.5266;1
1992-10-15;80.9594;80.9594;1
1992-11-15;81.1649;81.1649;1
1992-12-15;81.0943;81.0943;1
1993-01-15;81.3056;81.3056;1
1993-02-15;81.53;81.53;1
1993-03-15;81.3328;81.3328;1
1993-04-15;81.4559;81.4559;1
1993-05-15;81.0924;81.0924;1
1993-06-15;81.1406;81.1406;1
1993-07-15;81.2653;81.2653;1
1993-08-15;81.0624;81.0624;1
1993-09-15;81.3277;81.3277;1
1993-10-15;81.8069;81.8069;1
1993-11-15;82.0038;82.0038;1
1993-12-15;82.2699;82.2699;1
1994-01-15;82.4033;82.4033;1
1994-02-15;82.2316;82.2316;1
1994-03-15;82.8816;82.8816;1
1994-04-15;83.0878;83.0878;1
1994-05-15;83.3044;83.3044;1
1994-06-15;83.595;83.595;1
1994-07-15;83.4732;83.4732;1
1994-08-15;83.6848;83.6848;1
1994-09-15;83.7202;83.7202;1
1994-10-15;84.1671;84.1671;1
1994-11-15;84.4136;84.4136;1
1994-12-15;84.9867;84.9867;1
1995-01-15;84.8538;84.8538;1
1995-02-15;84.4646;84.4646;1
1995-03-15;84.2932;84.2932;1
1995-04-15;83.986;83.986;1
1995-05-15;83.9275;83.9275;1
1995-06-15;83.9136;83.9136;1
1995-07-15;83.2775;83.2775;1
1995-08-15;84.0009;84.0009;1
1995-09-15;84.0054;84.0054;1
1995-10-15;83.5782;83.5782;1
1995-11-15;83.4329;83.4329;1
1995-12-15;83.4037;83.4037;1
1996-01-15;82.4908;82.4908;1
1996-02-15;83.4101;83.4101;1
1996-03-15;82.9431;82.9431;1
1996-04-15;83.2978;83.2978;1
1996-05-15;83.5323;83.5323;1
1996-06-15;83.8358;83.8358;1
1996-07-15;83.3019;83.3019;1
1996-08-15;83.3994;83.3994;1
1996-09-15;83.5718;83.5718;1
1996-10-15;83.112;83.112;1
1996-11-15;83.4255;83.4255;1
1996-12-15;83.5477;83.5477;1
1997-01-15;83.2414;83.2414;1
1997-02-15;83.8359;83.8359;1
1997-03-15;83.9937;83.9937;1
1997-04-15;83.6134;83.6134;1
1997-05-15;83.6678;83.6678;1
1997-06-15;83.6294;83.6294;1
1997-07-15;83.7803;83.7803;1
1997-08-15;84.1737;84.1737;1
1997-09-15;84.42;84.42;1
1997-10-15;84.6005;84.6005;1
1997-11-15;84.7984;84.7984;1
1997-12-15;84.5102;84.5102;1
1998-01-15;84.3794;84.3794;1
1998-02-15;83.9202;83.9202;1
1998-03-15;83.4382;83.4382;1
1998-04-15;83.1863;83.1863;1
1998-05-15;83.1971;83.1971;1
1998-06-15;82.1607;82.1607;1
1998-07-15;81.4003;81.4003;1
1998-08-15;82.6151;82.6151;1
1998-09-15;82.0427;82.0427;1
1998-10-15;82.2836;82.2836;1
1998-11-15;81.8437;81.8437;1
1998-12-15;81.7734;81.7734;1
1999-01-15;81.7805;81.7805;1
1999-02-15;81.854;81.854;1
1999-03-15;81.6489;81.6489;1
1999-04-15;81.5289;81.5289;1
1999-05-15;81.8204;81.8204;1
1999-06-15;81.3797;81.3797;1
1999-07-15;81.5859;81.5859;1
1999-08-15;81.6163;81.6163;1
1999-09-15;81.0097;81.0097;1
1999-10-15;81.7811;81.7811;1
1999-11-15;81.8795;81.8795;1
1999-12-15;82.2166;82.2166;1
2000-01-15;81.9408;81.9408;1
2000-02-15;81.8939;81.8939;1
2000-03-15;81.9438;81.9438;1
2000-04-15;82.2581;82.2581;1
2000-05-15;82.1384;82.1384;1
2000-06-15;81.9275;81.9275;1
2000-07-15;81.5567;81.5567;1
2000-08-15;81.0222;81.0222;1
2000-09-15;81.0894;81.0894;1
2000-10-15;80.5959;80.5959;1
2000-11-15;80.3608;80.3608;1
2000-12-15;79.894;79.894;1
2001-01-15;79.0982;79.0982;1
2001-02-15;78.3738;78.3738;1
2001-03-15;77.9497;77.9497;1
2001-04-15;77.5328;77.5328;1
2001-05-15;76.8107;76.8107;1
2001-06-15;76.1415;76.1415;1
2001-07-15;75.5256;75.5256;1
2001-08-15;75.2052;75.2052;1
2001-09-15;74.7808;74.7808;1
2001-10-15;74.2977;74.2977;1
2001-11-15;73.7762;73.7762;1
2001-12-15;73.6883;73.6883;1
2002-01-15;73.9916;73.9916;1
2002-02-15;73.9067;73.9067;1
2002-03-15;74.4068;74.4068;1
2002-04-15;74.6532;74.6532;1
2002-05-15;74.9054;74.9054;1
2002-06-15;75.582;75.582;1
2002-07-15;75.3787;75.3787;1
2002-08-15;75.387;75.387;1
2002-09-15;75.4972;75.4972;1
2002-10-15;75.2412;75.2412;1
2002-11-15;75.6487;75.6487;1
2002-12-15;75.3035;75.3035;1
2003-01-15;75.7494;75.7494;1
2003-02-15;76.0042;76.0042;1
2003-03-15;75.8607;75.8607;1
2003-04-15;75.3416;75.3416;1
2003-05-15;75.3754;75.3754;1
2003-06-15;75.5136;75.5136;1
2003-07-15;75.8376;75.8376;1
2003-08-15;75.7111;75.7111;1
2003-09-15;76.2033;76.2033;1
2003-10-15;76.3067;76.3067;1
2003-11-15;76.9474;76.9474;1
2003-12-15;76.9036;76.9036;1
2004-01-15;77.0655;77.0655;1
2004-02-15;77.5441;77.5441;1
2004-03-15;77.1973;77.1973;1
2004-04-15;77.5375;77.5375;1
2004-05-15;78.2028;78.2028;1
2004-06-15;77.559;77.559;1
2004-07-15;78.1699;78.1699;1
2004-08-15;78.228;78.228;1
2004-09-15;78.2884;78.2884;1
2004-10-15;79.0059;79.0059;1
2004-11-15;79.1229;79.1229;1
2004-12-15;79.6562;79.6562;1
2005-01-15;79.9609;79.9609;1
2005-02-15;80.4357;80.4357;1
2005-03-15;80.2188;80.2188;1
2005-04-15;80.245;80.245;1
2005-05-15;80.2793;80.2793;1
2005-06-15;80.4939;80.4939;1
2005-07-15;80.1299;80.1299;1
2005-08-15;80.1665;80.1665;1
2005-09-15;78.5327;78.5327;1
2005-10-15;79.4268;79.4268;1
2005-11-15;80.136;80.136;1
2005-12-15;80.4911;80.4911;1
2006-01-15;80.4788;80.4788;1
2006-02-15;80.4306;80.4306;1
2006-03-15;80.4556;80.4556;1
2006-04-15;80.6947;80.6947;1
2006-05-15;80.4659;80.4659;1
2006-06-15;80.6308;80.6308;1
2006-07-15;80.4829;80.4829;1
2006-08-15;80.5948;80.5948;1
2006-09-15;80.3009;80.3009;1
2006-10-15;80.111;80.111;1
2006-11-15;79.8679;79.8679;1
2006-12-15;80.5347;80.5347;1
2007-01-15;79.9638;79.9638;1
2007-02-15;80.6039;80.6039;1
2007-03-15;80.5676;80.5676;1
2007-04-15;80.9783;80.9783;1
2007-05-15;80.8614;80.8614;1
2007-06-15;80.7312;80.7312;1
2007-07-15;80.5998;80.5998;1
2007-08-15;80.6784;80.6784;1
2007-09-15;80.8943;80.8943;1
2007-10-15;80.4858;80.4858;1
2007-11-15;80.9221;80.9221;1
2007-12-15;80.9399;80.9399;1
2008-01-15;80.7335;80.7335;1
2008-02-15;80.5102;80.5102;1
2008-03-15;80.3673;80.3673;1
2008-04-15;79.8231;79.8231;1
2008-05-15;79.4607;79.4607;1
2008-06-15;79.3518;79.3518;1
2008-07-15;78.9208;78.9208;1
2008-08-15;77.7112;77.7112;1
2008-09-15;74.3228;74.3228;1
2008-10-15;74.9488;74.9488;1
2008-11-15;73.959;73.959;1
2008-12-15;71.7165;71.7165;1
2009-01-15;69.9554;69.9554;1
2009-02-15;69.4639;69.4639;1
2009-03-15;68.325;68.325;1
2009-04-15;67.6814;67.6814;1
2009-05-15;66.9538;66.9538;1
2009-06-15;66.6809;66.6809;1
2009-07-15;67.4037;67.4037;1
2009-08-15;68.206;68.206;1
2009-09-15;68.8128;68.8128;1
2009-10-15;69.1119;69.1119;1
2009-11-15;69.5188;69.5188;1
2009-12-15;69.8445;69.8445;1
2010-01-15;70.768;70.768;1
2010-02-15;71.1515;71.1515;1
2010-03-15;71.767;71.767;1
2010-04-15;72.2216;72.2216;1
2010-05-15;73.5024;73.5024;1
2010-06-15;73.7945;73.7945;1
2010-07-15;74.2602;74.2602;1
2010-08-15;74.6622;74.6622;1
2010-09-15;74.9822;74.9822;1
2010-10-15;74.885;74.885;1
2010-11-15;75.0116;75.0116;1
2010-12-15;75.6953;75.6953;1
2011-01-15;75.685;75.685;1
2011-02-15;75.3805;75.3805;1
2011-03-15;76.0361;76.0361;1
2011-04-15;75.7016;75.7016;1
2011-05-15;75.8148;75.8148;1
2011-06-15;75.9429;75.9429;1
2011-07-15;76.2274;76.2274;1
2011-08-15;76.5078;76.5078;1
2011-09-15;76.3601;76.3601;1
2011-10-15;76.7528;76.7528;1
2011-11-15;76.5158;76.5158;1
2011-12-15;76.6752;76.6752;1
2012-01-15;77.0674;77.0674;1
2012-02-15;77.1238;77.1238;1
2012-03-15;76.4204;76.4204;1
2012-04-15;76.9375;76.9375;1
2012-05-15;76.9021;76.9021;1
2012-06-15;76.7649;76.7649;1
2012-07-15;76.8283;76.8283;1
2012-08-15;76.3194;76.3194;1
2012-09-15;76.2728;76.2728;1
2012-10-15;76.3352;76.3352;1
2012-11-15;76.6302;76.6302;1
2012-12-15;76.7233;76.7233;1
2013-01-15;76.561;76.561;1
2013-02-15;76.8584;76.8584;1
2013-03-15;76.8899;76.8899;1
2013-04-15;76.7821;76.7821;1
2013-05-15;76.7344;76.7344;1
2013-06-15;76.8475;76.8475;1
2013-07-15;76.3664;76.3664;1
2013-08-15;76.8914;76.8914;1
2013-09-15;77.2245;77.2245;1
2013-10-15;77.1443;77.1443;1
2013-11-15;77.3633;77.3633;1
2013-12-15;77.4523;77.4523;1
2014-01-15;77.0327;77.0327;1
2014-02-15;77.5956;77.5956;1
2014-03-15;78.1222;78.1222;1
2014-04-15;78.1492;78.1492;1
2014-05-15;78.3555;78.3555;1
2014-06-15;78.5832;78.5832;1
2014-07-15;78.5045;78.5045;1
2014-08-15;78.3373;78.3373;1
2014-09-15;78.4442;78.4442;1
2014-10-15;78.3125;78.3125;1
2014-11-15;78.8944;78.8944;1
2014-12-15;78.5767;78.5767;1
2015-01-15;77.9947;77.9947;1
2015-02-15;77.7151;77.7151;1
2015-03-15;77.2902;77.2902;1
2015-04-15;76.9476;76.9476;1
2015-05-15;76.6165;76.6165;1
2015-06-15;76.3629;76.3629;1
2015-07-15;76.6989;76.6989;1
2015-08-15;76.6813;76.6813;1
2015-09-15;76.4117;76.4117;1
2015-10-15;76.2792;76.2792;1
2015-11-15;75.734;75.734;1
2015-12-15;75.3854;75.3854;1
2016-01-15;75.8427;75.8427;1
2016-02-15;75.435;75.435;1
