USCNFCONQ;ES;ESA;ESMAG
1967-02-15;134.3;134.3;1
1967-03-15;134.3;134.3;1
1967-04-15;140.7;140.7;1
1967-05-15;140.7;140.7;1
1967-06-15;134.0;134.0;1
1967-07-15;134.0;134.0;1
1967-08-15;130.1;130.1;1
1967-09-15;130.1;130.1;1
1967-10-15;134.5;134.5;1
1967-11-15;134.5;134.5;1
1967-12-15;136.1;136.1;1
1968-01-15;136.1;136.1;1
1968-02-15;137.9;137.9;1
1968-03-15;137.9;137.9;1
1968-04-15;136.6;136.6;1
1968-05-15;136.6;136.6;1
1968-06-15;130.7;130.7;1
1968-07-15;130.7;130.7;1
1968-08-15;131.3;131.3;1
1968-09-15;131.3;131.3;1
1968-10-15;142.3;142.3;1
1968-11-15;142.3;142.3;1
1968-12-15;137.9;137.9;1
1969-01-15;137.9;137.9;1
1969-02-15;138.2;138.2;1
1969-03-15;138.2;138.2;1
1969-04-15;136.6;136.6;1
1969-05-15;136.6;136.6;1
1969-06-15;137.9;137.9;1
1969-07-15;137.9;137.9;1
1969-08-15;131.7;131.7;1
1969-09-15;131.7;131.7;1
1969-10-15;126.8;126.8;1
1969-11-15;126.8;126.8;1
1969-12-15;126.0;126.0;1
1970-01-15;126.0;126.0;1
1970-02-15;101.7;101.7;1
1970-03-15;101.7;101.7;1
1970-04-15;98.0;98.0;1
1970-05-15;98.0;98.0;1
1970-06-15;88.1;88.1;1
1970-07-15;88.1;88.1;1
1970-08-15;91.0;91.0;1
1970-09-15;91.0;91.0;1
1970-10-15;83.2;83.2;1
1970-11-15;83.2;83.2;1
1970-12-15;75.7;75.7;1
1971-01-15;75.7;75.7;1
1971-02-15;77.4;77.4;1
1971-03-15;77.4;77.4;1
1971-04-15;75.2;75.2;1
1971-05-15;75.2;75.2;1
1971-06-15;82.3;82.3;1
1971-07-15;82.3;82.3;1
1971-08-15;82.1;82.1;1
1971-09-15;82.1;82.1;1
1971-10-15;80.3;80.3;1
1971-11-15;80.3;80.3;1
1971-12-15;85.0;85.0;1
1972-01-15;85.0;85.0;1
1972-02-15;93.6;93.6;1
1972-03-15;93.6;93.6;1
1972-04-15;95.1;95.1;1
1972-05-15;95.1;95.1;1
1972-06-15;98.9;98.9;1
1972-07-15;98.9;98.9;1
1972-08-15;104.1;104.1;1
1972-09-15;104.1;104.1;1
1972-10-15;112.0;112.0;1
1972-11-15;112.0;112.0;1
1972-12-15;116.1;116.1;1
1973-01-15;116.1;116.1;1
1973-02-15;110.8;110.8;1
1973-03-15;110.8;110.8;1
1973-04-15;102.8;102.8;1
1973-05-15;102.8;102.8;1
1973-06-15;104.4;104.4;1
1973-07-15;104.4;104.4;1
1973-08-15;93.8;93.8;1
1973-09-15;93.8;93.8;1
1973-10-15;107.5;107.5;1
1973-11-15;107.5;107.5;1
1973-12-15;70.6;70.6;1
1974-01-15;70.6;70.6;1
1974-02-15;62.7;62.7;1
1974-03-15;62.7;62.7;1
1974-04-15;95.1;95.1;1
1974-05-15;95.1;95.1;1
1974-06-15;92.5;92.5;1
1974-07-15;92.5;92.5;1
1974-08-15;77.3;77.3;1
1974-09-15;77.3;77.3;1
1974-10-15;54.5;54.5;1
1974-11-15;54.5;54.5;1
1974-12-15;43.2;43.2;1
1975-01-15;43.2;43.2;1
1975-02-15;54.5;54.5;1
1975-03-15;54.5;54.5;1
1975-04-15;66.4;66.4;1
1975-05-15;66.4;66.4;1
1975-06-15;72.2;72.2;1
1975-07-15;72.2;72.2;1
1975-08-15;82.4;82.4;1
1975-09-15;82.4;82.4;1
1975-10-15;77.6;77.6;1
1975-11-15;77.6;77.6;1
1975-12-15;93.7;93.7;1
1976-01-15;93.7;93.7;1
1976-02-15;101.0;101.0;1
1976-03-15;101.0;101.0;1
1976-04-15;89.5;89.5;1
1976-05-15;89.5;89.5;1
1976-06-15;94.5;94.5;1
1976-07-15;94.5;94.5;1
1976-08-15;94.6;94.6;1
1976-09-15;94.6;94.6;1
1976-10-15;87.1;87.1;1
1976-11-15;87.1;87.1;1
1976-12-15;98.9;98.9;1
1977-01-15;98.9;98.9;1
1977-02-15;97.6;97.6;1
1977-03-15;97.6;97.6;1
1977-04-15;93.1;93.1;1
1977-05-15;93.1;93.1;1
1977-06-15;98.2;98.2;1
1977-07-15;97.5;97.5;1
1977-08-15;98.7;98.7;1
1977-09-15;96.7;96.7;1
1977-10-15;95.5;95.5;1
1977-11-15;98.9;98.9;1
1977-12-15;109.7;109.7;1
1978-01-15;107.8;107.8;1
1978-02-15;107.0;107.0;1
1978-03-15;104.7;104.7;1
1978-04-15;109.9;109.9;1
1978-05-15;105.5;105.5;1
1978-06-15;109.5;109.5;1
1978-07-15;105.4;105.4;1
1978-08-15;108.0;108.0;1
1978-09-15;106.6;106.6;1
1978-10-15;108.6;108.6;1
1978-11-15;96.5;96.5;1
1978-12-15;102.2;102.2;1
1979-01-15;99.5;99.5;1
1979-02-15;101.5;101.5;1
1979-03-15;96.4;96.4;1
1979-04-15;94.6;94.6;1
1979-05-15;96.0;96.0;1
1979-06-15;92.7;92.7;1
1979-07-15;81.4;81.4;1
1979-08-15;79.4;79.4;1
1979-09-15;87.8;87.8;1
1979-10-15;92.3;92.3;1
1979-11-15;90.2;90.2;1
1979-12-15;90.7;90.7;1
1980-01-15;85.9;85.9;1
1980-02-15;85.3;85.3;1
1980-03-15;80.8;80.8;1
1980-04-15;60.5;60.5;1
1980-05-15;50.1;50.1;1
1980-06-15;56.1;56.1;1
1980-07-15;65.4;65.4;1
1980-08-15;70.8;70.8;1
1980-09-15;80.3;80.3;1
1980-10-15;84.2;84.2;1
1980-11-15;87.2;87.2;1
1980-12-15;78.6;78.6;1
1981-01-15;74.4;74.4;1
1981-02-15;69.0;69.0;1
1981-03-15;77.8;77.8;1
1981-04-15;81.6;81.6;1
1981-05-15;86.9;86.9;1
1981-06-15;83.0;83.0;1
1981-07-15;83.5;83.5;1
1981-08-15;85.7;85.7;1
1981-09-15;77.6;77.6;1
1981-10-15;75.6;75.6;1
1981-11-15;66.9;66.9;1
1981-12-15;66.6;66.6;1
1982-01-15;64.9;64.9;1
1982-02-15;62.3;62.3;1
1982-03-15;56.7;56.7;1
1982-04-15;57.0;57.0;1
1982-05-15;61.4;61.4;1
1982-06-15;56.7;56.7;1
1982-07-15;63.2;63.2;1
1982-08-15;56.9;56.9;1
1982-09-15;58.1;58.1;1
1982-10-15;54.3;54.3;1
1982-11-15;57.4;57.4;1
1982-12-15;59.5;59.5;1
1983-01-15;59.0;59.0;1
1983-02-15;67.6;67.6;1
1983-03-15;79.4;79.4;1
1983-04-15;83.1;83.1;1
1983-05-15;87.7;87.7;1
1983-06-15;87.5;87.5;1
1983-07-15;89.0;89.0;1
1983-08-15;91.2;91.2;1
1983-09-15;91.1;91.1;1
1983-10-15;92.1;92.1;1
1983-11-15;96.7;96.7;1
1983-12-15;103.6;103.6;1
1984-01-15;103.9;103.9;1
1984-02-15;101.0;101.0;1
1984-03-15;101.1;101.1;1
1984-04-15;106.1;106.1;1
1984-05-15;104.8;104.8;1
1984-06-15;105.8;105.8;1
1984-07-15;100.4;100.4;1
1984-08-15;103.1;103.1;1
1984-09-15;100.0;100.0;1
1984-10-15;99.1;99.1;1
1984-11-15;105.5;105.5;1
1984-12-15;97.0;97.0;1
1985-01-15;102.0;102.0;1
1985-02-15;103.1;103.1;1
1985-03-15;96.1;96.1;1
1985-04-15;104.4;104.4;1
1985-05-15;99.6;99.6;1
1985-06-15;102.6;102.6;1
1985-07-15;103.2;103.2;1
1985-08-15;100.9;100.9;1
1985-09-15;96.0;96.0;1
1985-10-15;96.1;96.1;1
1985-11-15;98.1;98.1;1
1985-12-15;98.2;98.2;1
1986-01-15;96.9;96.9;1
1986-02-15;96.0;96.0;1
1986-03-15;95.1;95.1;1
1986-04-15;100.0;100.0;1
1986-05-15;100.2;100.2;1
1986-06-15;100.0;100.0;1
1986-07-15;97.5;97.5;1
1986-08-15;91.7;91.7;1
1986-09-15;89.7;89.7;1
1986-10-15;85.8;85.8;1
1986-11-15;89.7;89.7;1
1986-12-15;93.2;93.2;1
1987-01-15;85.4;85.4;1
1987-02-15;91.8;91.8;1
1987-03-15;95.8;95.8;1
1987-04-15;97.4;97.4;1
1987-05-15;103.0;103.0;1
1987-06-15;102.1;102.1;1
1987-07-15;105.8;105.8;1
1987-08-15;110.7;110.7;1
1987-09-15;115.7;115.7;1
1987-10-15;115.1;115.1;1
1987-11-15;100.8;100.8;1
1987-12-15;107.7;107.7;1
1988-01-15;109.9;109.9;1
1988-02-15;114.9;114.9;1
1988-03-15;112.7;112.7;1
1988-04-15;115.7;115.7;1
1988-05-15;120.2;120.2;1
1988-06-15;115.7;115.7;1
1988-07-15;113.5;113.5;1
1988-08-15;119.7;119.7;1
1988-09-15;110.7;110.7;1
1988-10-15;116.9;116.9;1
1988-11-15;112.9;112.9;1
1988-12-15;119.4;119.4;1
1989-01-15;115.8;115.8;1
1989-02-15;120.7;120.7;1
1989-03-15;117.4;117.4;1
1989-04-15;116.6;116.6;1
1989-05-15;116.7;116.7;1
1989-06-15;117.2;117.2;1
1989-07-15;120.4;120.4;1
1989-08-15;115.4;115.4;1
1989-09-15;116.3;116.3;1
1989-10-15;117.0;117.0;1
1989-11-15;115.1;115.1;1
1989-12-15;113.0;113.0;1
1990-01-15;106.5;106.5;1
1990-02-15;106.7;106.7;1
1990-03-15;110.6;110.6;1
1990-04-15;107.3;107.3;1
1990-05-15;107.3;107.3;1
1990-06-15;102.4;102.4;1
1990-07-15;101.7;101.7;1
1990-08-15;84.7;84.7;1
1990-09-15;85.6;85.6;1
1990-10-15;62.6;62.6;1
1990-11-15;61.7;61.7;1
1990-12-15;61.2;61.2;1
1991-01-15;55.1;55.1;1
1991-02-15;59.4;59.4;1
1991-03-15;81.1;81.1;1
1991-04-15;79.4;79.4;1
1991-05-15;76.4;76.4;1
1991-06-15;78.0;78.0;1
1991-07-15;77.7;77.7;1
1991-08-15;76.1;76.1;1
1991-09-15;72.9;72.9;1
1991-10-15;60.1;60.1;1
1991-11-15;52.7;52.7;1
1991-12-15;52.5;52.5;1
1992-01-15;50.2;50.2;1
1992-02-15;47.3;47.3;1
1992-03-15;56.5;56.5;1
1992-04-15;65.1;65.1;1
1992-05-15;71.9;71.9;1
1992-06-15;72.6;72.6;1
1992-07-15;61.2;61.2;1
1992-08-15;59.0;59.0;1
1992-09-15;57.3;57.3;1
1992-10-15;54.6;54.6;1
1992-11-15;65.6;65.6;1
1992-12-15;78.1;78.1;1
1993-01-15;76.7;76.7;1
1993-02-15;68.5;68.5;1
1993-03-15;63.2;63.2;1
1993-04-15;67.6;67.6;1
1993-05-15;61.9;61.9;1
1993-06-15;58.6;58.6;1
1993-07-15;59.2;59.2;1
1993-08-15;59.3;59.3;1
1993-09-15;63.8;63.8;1
1993-10-15;60.5;60.5;1
1993-11-15;71.9;71.9;1
1993-12-15;79.8;79.8;1
1994-01-15;82.6;82.6;1
1994-02-15;79.9;79.9;1
1994-03-15;86.7;86.7;1
1994-04-15;92.1;92.1;1
1994-05-15;88.9;88.9;1
1994-06-15;92.5;92.5;1
1994-07-15;91.3;91.3;1
1994-08-15;90.4;90.4;1
1994-09-15;89.5;89.5;1
1994-10-15;89.1;89.1;1
1994-11-15;100.4;100.4;1
1994-12-15;103.4;103.4;1
1995-01-15;101.4;101.4;1
1995-02-15;99.4;99.4;1
1995-03-15;100.2;100.2;1
1995-04-15;104.6;104.6;1
1995-05-15;102.0;102.0;1
1995-06-15;94.6;94.6;1
1995-07-15;101.4;101.4;1
1995-08-15;102.4;102.4;1
1995-09-15;97.3;97.3;1
1995-10-15;96.3;96.3;1
1995-11-15;101.6;101.6;1
1995-12-15;99.2;99.2;1
1996-01-15;88.4;88.4;1
1996-02-15;98.0;98.0;1
1996-03-15;98.4;98.4;1
1996-04-15;104.8;104.8;1
1996-05-15;103.5;103.5;1
1996-06-15;100.1;100.1;1
1996-07-15;107.0;107.0;1
1996-08-15;112.0;112.0;1
1996-09-15;111.8;111.8;1
1996-10-15;107.3;107.3;1
1996-11-15;109.5;109.5;1
1996-12-15;114.2;114.2;1
1997-01-15;118.7;118.7;1
1997-02-15;118.9;118.9;1
1997-03-15;118.5;118.5;1
1997-04-15;118.5;118.5;1
1997-05-15;127.9;127.9;1
1997-06-15;129.9;129.9;1
1997-07-15;126.3;126.3;1
1997-08-15;127.6;127.6;1
1997-09-15;130.2;130.2;1
1997-10-15;123.4;123.4;1
1997-11-15;128.1;128.1;1
1997-12-15;136.2;136.2;1
1998-01-15;128.3;128.3;1
1998-02-15;137.4;137.4;1
1998-03-15;133.8;133.8;1
1998-04-15;137.2;137.2;1
1998-05-15;136.3;136.3;1
1998-06-15;138.2;138.2;1
1998-07-15;137.2;137.2;1
1998-08-15;133.1;133.1;1
1998-09-15;126.4;126.4;1
1998-10-15;119.3;119.3;1
1998-11-15;126.4;126.4;1
1998-12-15;126.7;126.7;1
1999-01-15;128.9;128.9;1
1999-02-15;133.1;133.1;1
1999-03-15;134.0;134.0;1
1999-04-15;135.5;135.5;1
1999-05-15;137.7;137.7;1
1999-06-15;139.0;139.0;1
1999-07-15;136.2;136.2;1
1999-08-15;136.0;136.0;1
1999-09-15;134.2;134.2;1
1999-10-15;130.5;130.5;1
1999-11-15;137.0;137.0;1
1999-12-15;141.7;141.7;1
2000-01-15;144.7;144.7;1
2000-02-15;140.8;140.8;1
2000-03-15;137.1;137.1;1
2000-04-15;137.7;137.7;1
2000-05-15;144.7;144.7;1
2000-06-15;139.2;139.2;1
2000-07-15;143.0;143.0;1
2000-08-15;140.8;140.8;1
2000-09-15;142.5;142.5;1
2000-10-15;135.8;135.8;1
2000-11-15;132.6;132.6;1
2000-12-15;128.6;128.6;1
2001-01-15;115.7;115.7;1
2001-02-15;109.2;109.2;1
2001-03-15;116.9;116.9;1
2001-04-15;109.9;109.9;1
2001-05-15;116.1;116.1;1
2001-06-15;118.9;118.9;1
2001-07-15;116.3;116.3;1
2001-08-15;114.0;114.0;1
2001-09-15;97.0;97.0;1
2001-10-15;85.3;85.3;1
2001-11-15;84.9;84.9;1
2001-12-15;94.6;94.6;1
2002-01-15;97.8;97.8;1
2002-02-15;95.0;95.0;1
2002-03-15;110.7;110.7;1
2002-04-15;108.5;108.5;1
2002-05-15;110.3;110.3;1
2002-06-15;106.3;106.3;1
2002-07-15;97.4;97.4;1
2002-08-15;94.5;94.5;1
2002-09-15;93.7;93.7;1
2002-10-15;79.6;79.6;1
2002-11-15;84.9;84.9;1
2002-12-15;80.7;80.7;1
2003-01-15;78.8;78.8;1
2003-02-15;64.8;64.8;1
2003-03-15;61.4;61.4;1
2003-04-15;81.0;81.0;1
2003-05-15;83.6;83.6;1
2003-06-15;83.5;83.5;1
2003-07-15;77.0;77.0;1
2003-08-15;81.7;81.7;1
2003-09-15;77.0;77.0;1
2003-10-15;81.7;81.7;1
2003-11-15;92.5;92.5;1
2003-12-15;94.8;94.8;1
2004-01-15;97.7;97.7;1
2004-02-15;88.5;88.5;1
2004-03-15;88.5;88.5;1
2004-04-15;93.0;93.0;1
2004-05-15;93.1;93.1;1
2004-06-15;102.8;102.8;1
2004-07-15;105.7;105.7;1
2004-08-15;98.7;98.7;1
2004-09-15;96.7;96.7;1
2004-10-15;92.9;92.9;1
2004-11-15;92.6;92.6;1
2004-12-15;102.7;102.7;1
2005-01-15;105.1;105.1;1
2005-02-15;104.4;104.4;1
2005-03-15;103.0;103.0;1
2005-04-15;97.5;97.5;1
2005-05-15;103.1;103.1;1
2005-06-15;106.2;106.2;1
2005-07-15;103.6;103.6;1
2005-08-15;105.5;105.5;1
2005-09-15;87.5;87.5;1
2005-10-15;85.2;85.2;1
2005-11-15;98.3;98.3;1
2005-12-15;103.8;103.8;1
2006-01-15;106.8;106.8;1
2006-02-15;102.7;102.7;1
2006-03-15;107.5;107.5;1
2006-04-15;109.8;109.8;1
2006-05-15;104.7;104.7;1
2006-06-15;105.4;105.4;1
2006-07-15;107.0;107.0;1
2006-08-15;100.2;100.2;1
2006-09-15;105.9;105.9;1
2006-10-15;105.1;105.1;1
2006-11-15;105.3;105.3;1
2006-12-15;110.0;110.0;1
2007-01-15;110.2;110.2;1
2007-02-15;111.2;111.2;1
2007-03-15;108.2;108.2;1
2007-04-15;106.3;106.3;1
2007-05-15;108.5;108.5;1
2007-06-15;105.3;105.3;1
2007-07-15;111.9;111.9;1
2007-08-15;105.6;105.6;1
2007-09-15;99.5;99.5;1
2007-10-15;95.2;95.2;1
2007-11-15;87.8;87.8;1
2007-12-15;90.6;90.6;1
2008-01-15;87.3;87.3;1
2008-02-15;76.4;76.4;1
2008-03-15;65.9;65.9;1
2008-04-15;62.8;62.8;1
2008-05-15;58.1;58.1;1
2008-06-15;51.0;51.0;1
2008-07-15;51.9;51.9;1
2008-08-15;58.5;58.5;1
2008-09-15;61.4;61.4;1
2008-10-15;38.8;38.8;1
2008-11-15;44.7;44.7;1
2008-12-15;38.6;38.6;1
2009-01-15;37.4;37.4;1
2009-02-15;25.3;25.3;1
2009-03-15;26.9;26.9;1
2009-04-15;40.8;40.8;1
2009-05-15;54.8;54.8;1
2009-06-15;49.3;49.3;1
2009-07-15;47.4;47.4;1
2009-08-15;54.5;54.5;1
2009-09-15;53.4;53.4;1
2009-10-15;48.7;48.7;1
2009-11-15;50.6;50.6;1
2009-12-15;53.6;53.6;1
2010-01-15;56.5;56.5;1
2010-02-15;46.4;46.4;1
2010-03-15;52.3;52.3;1
2010-04-15;57.7;57.7;1
2010-05-15;62.7;62.7;1
2010-06-15;54.3;54.3;1
2010-07-15;51.0;51.0;1
2010-08-15;53.2;53.2;1
2010-09-15;48.6;48.6;1
2010-10-15;49.9;49.9;1
2010-11-15;57.8;57.8;1
2010-12-15;63.4;63.4;1
2011-01-15;64.8;64.8;1
2011-02-15;72.0;72.0;1
2011-03-15;63.8;63.8;1
2011-04-15;66.0;66.0;1
2011-05-15;61.7;61.7;1
2011-06-15;57.6;57.6;1
2011-07-15;59.2;59.2;1
2011-08-15;45.2;45.2;1
2011-09-15;46.4;46.4;1
2011-10-15;40.9;40.9;1
2011-11-15;55.2;55.2;1
2011-12-15;64.8;64.8;1
2012-01-15;61.5;61.5;1
2012-02-15;71.6;71.6;1
2012-03-15;69.5;69.5;1
2012-04-15;68.7;68.7;1
2012-05-15;64.4;64.4;1
2012-06-15;62.7;62.7;1
2012-07-15;65.4;65.4;1
2012-08-15;61.3;61.3;1
2012-09-15;68.4;68.4;1
2012-10-15;73.1;73.1;1
2012-11-15;71.5;71.5;1
2012-12-15;66.7;66.7;1
2013-01-15;58.4;58.4;1
2013-02-15;68.0;68.0;1
2013-03-15;61.9;61.9;1
2013-04-15;69.0;69.0;1
2013-05-15;74.3;74.3;1
2013-06-15;82.1;82.1;1
2013-07-15;81.0;81.0;1
2013-08-15;81.8;81.8;1
2013-09-15;80.2;80.2;1
2013-10-15;72.4;72.4;1
2013-11-15;72.0;72.0;1
2013-12-15;77.5;77.5;1
2014-01-15;79.4;79.4;1
2014-02-15;78.3;78.3;1
2014-03-15;83.9;83.9;1
2014-04-15;81.7;81.7;1
2014-05-15;82.2;82.2;1
2014-06-15;86.4;86.4;1
2014-07-15;90.3;90.3;1
2014-08-15;93.4;93.4;1
2014-09-15;89.0;89.0;1
2014-10-15;94.1;94.1;1
2014-11-15;91.0;91.0;1
2014-12-15;93.1;93.1;1
2015-01-15;103.8;103.8;1
2015-02-15;98.8;98.8;1
2015-03-15;101.4;101.4;1
2015-04-15;94.3;94.3;1
2015-05-15;94.6;94.6;1
2015-06-15;99.8;99.8;1
2015-07-15;91.0;91.0;1
2015-08-15;101.3;101.3;1
2015-09-15;102.6;102.6;1
2015-10-15;99.1;99.1;1
2015-11-15;92.6;92.6;1
2015-12-15;96.3;96.3;1
2016-01-15;97.8;97.8;1
2016-02-15;94.0;94.0;1
2016-03-15;96.2;96.2;1
