USCNFBUSQ;ES;ESA;ESMAG
1950-01-15;59.1;59.1;1
1950-02-15;60.5;60.5;1
1950-03-15;62.1;62.1;1
1950-04-15;68.1;68.1;1
1950-05-15;74.7;74.7;1
1950-06-15;76.6;76.6;1
1950-07-15;77.5;77.5;1
1950-08-15;75.8;75.8;1
1950-09-15;68.1;68.1;1
1950-10-15;59.2;59.2;1
1950-11-15;63.1;63.1;1
1950-12-15;67.1;67.1;1
1951-01-15;67.8;67.8;1
1951-02-15;69.3;69.3;1
1951-03-15;65.5;65.5;1
1951-04-15;53.5;53.5;1
1951-05-15;50.7;50.7;1
1951-06-15;45.5;45.5;1
1951-07-15;42.1;42.1;1
1951-08-15;43.6;43.6;1
1951-09-15;48.1;48.1;1
1951-10-15;49.6;49.6;1
1951-11-15;47.2;47.2;1
1951-12-15;46.5;46.5;1
1952-01-15;44.7;44.7;1
1952-02-15;41.8;41.8;1
1952-03-15;40.0;40.0;1
1952-04-15;36.7;36.7;1
1952-05-15;39.5;39.5;1
1952-06-15;43.3;43.3;1
1952-07-15;48.3;48.3;1
1952-08-15;60.4;60.4;1
1952-09-15;56.1;56.1;1
1952-10-15;56.2;56.2;1
1952-11-15;56.8;56.8;1
1952-12-15;55.8;55.8;1
1953-01-15;59.4;59.4;1
1953-02-15;55.4;55.4;1
1953-03-15;50.5;50.5;1
1953-04-15;51.1;51.1;1
1953-05-15;48.9;48.9;1
1953-06-15;48.5;48.5;1
1953-07-15;46.3;46.3;1
1953-08-15;43.5;43.5;1
1953-09-15;40.2;40.2;1
1953-10-15;37.4;37.4;1
1953-11-15;36.9;36.9;1
1953-12-15;35.6;35.6;1
1954-01-15;37.4;37.4;1
1954-02-15;40.7;40.7;1
1954-03-15;44.7;44.7;1
1954-04-15;47.7;47.7;1
1954-05-15;50.1;50.1;1
1954-06-15;52.1;52.1;1
1954-07-15;51.7;51.7;1
1954-08-15;54.4;54.4;1
1954-09-15;53.5;53.5;1
1954-10-15;58.2;58.2;1
1954-11-15;58.8;58.8;1
1954-12-15;63.8;63.8;1
1955-01-15;63.0;63.0;1
1955-02-15;67.8;67.8;1
1955-03-15;67.5;67.5;1
1955-04-15;68.7;68.7;1
1955-05-15;69.5;69.5;1
1955-06-15;63.3;63.3;1
1955-07-15;66.2;66.2;1
1955-08-15;64.8;64.8;1
1955-09-15;62.4;62.4;1
1955-10-15;63.7;63.7;1
1955-11-15;62.0;62.0;1
1955-12-15;65.6;65.6;1
1956-01-15;60.2;60.2;1
1956-02-15;58.2;58.2;1
1956-03-15;57.2;57.2;1
1956-04-15;55.9;55.9;1
1956-05-15;51.2;51.2;1
1956-06-15;47.7;47.7;1
1956-07-15;44.2;44.2;1
1956-08-15;51.5;51.5;1
1956-09-15;55.5;55.5;1
1956-10-15;52.7;52.7;1
1956-11-15;55.0;55.0;1
1956-12-15;52.7;52.7;1
1957-01-15;53.6;53.6;1
1957-02-15;51.0;51.0;1
1957-03-15;47.5;47.5;1
1957-04-15;43.1;43.1;1
1957-05-15;43.4;43.4;1
1957-06-15;45.9;45.9;1
1957-07-15;45.7;45.7;1
1957-08-15;45.3;45.3;1
1957-09-15;45.8;45.8;1
1957-10-15;41.1;41.1;1
1957-11-15;40.4;40.4;1
1957-12-15;36.8;36.8;1
1958-01-15;33.4;33.4;1
1958-02-15;37.2;37.2;1
1958-03-15;39.8;39.8;1
1958-04-15;39.1;39.1;1
1958-05-15;46.6;46.6;1
1958-06-15;51.4;51.4;1
1958-07-15;54.7;54.7;1
1958-08-15;57.3;57.3;1
1958-09-15;59.8;59.8;1
1958-10-15;62.3;62.3;1
1958-11-15;62.7;62.7;1
1958-12-15;60.5;60.5;1
1959-01-15;64.4;64.4;1
1959-02-15;66.9;66.9;1
1959-03-15;67.1;67.1;1
1959-04-15;66.9;66.9;1
1959-05-15;68.2;68.2;1
1959-06-15;64.4;64.4;1
1959-07-15;61.5;61.5;1
1959-08-15;55.1;55.1;1
1959-09-15;48.3;48.3;1
1959-10-15;49.7;49.7;1
1959-11-15;50.6;50.6;1
1959-12-15;58.2;58.2;1
1960-01-15;61.5;61.5;1
1960-02-15;52.3;52.3;1
1960-03-15;47.8;47.8;1
1960-04-15;45.3;45.3;1
1960-05-15;42.6;42.6;1
1960-06-15;44.4;44.4;1
1960-07-15;43.7;43.7;1
1960-08-15;47.6;47.6;1
1960-09-15;45.4;45.4;1
1960-10-15;46.0;46.0;1
1960-11-15;44.3;44.3;1
1960-12-15;44.3;44.3;1
1961-01-15;43.9;43.9;1
1961-02-15;43.6;43.6;1
1961-03-15;49.1;49.1;1
1961-04-15;57.6;57.6;1
1961-05-15;58.9;58.9;1
1961-06-15;58.1;58.1;1
1961-07-15;58.2;58.2;1
1961-08-15;60.7;60.7;1
1961-09-15;63.0;63.0;1
1961-10-15;62.2;62.2;1
1961-11-15;59.0;59.0;1
1961-12-15;64.2;64.2;1
1962-01-15;60.9;60.9;1
1962-02-15;61.1;61.1;1
1962-03-15;60.6;60.6;1
1962-04-15;55.1;55.1;1
1962-05-15;52.2;52.2;1
1962-06-15;50.8;50.8;1
1962-07-15;51.0;51.0;1
1962-08-15;49.5;49.5;1
1962-09-15;50.0;50.0;1
1962-10-15;51.2;51.2;1
1962-11-15;53.8;53.8;1
1962-12-15;57.2;57.2;1
1963-01-15;55.2;55.2;1
1963-02-15;55.1;55.1;1
1963-03-15;54.7;54.7;1
1963-04-15;57.6;57.6;1
1963-05-15;59.8;59.8;1
1963-06-15;58.2;58.2;1
1963-07-15;55.5;55.5;1
1963-08-15;55.1;55.1;1
1963-09-15;56.9;56.9;1
1963-10-15;57.7;57.7;1
1963-11-15;57.5;57.5;1
1963-12-15;54.0;54.0;1
1964-01-15;57.1;57.1;1
1964-02-15;57.9;57.9;1
1964-03-15;60.2;60.2;1
1964-04-15;59.2;59.2;1
1964-05-15;58.7;58.7;1
1964-06-15;60.1;60.1;1
1964-07-15;62.9;62.9;1
1964-08-15;63.3;63.3;1
1964-09-15;63.3;63.3;1
1964-10-15;60.7;60.7;1
1964-11-15;61.8;61.8;1
1964-12-15;62.4;62.4;1
1965-01-15;61.0;61.0;1
1965-02-15;62.1;62.1;1
1965-03-15;64.9;64.9;1
1965-04-15;62.0;62.0;1
1965-05-15;61.3;61.3;1
1965-06-15;58.7;58.7;1
1965-07-15;58.1;58.1;1
1965-08-15;58.1;58.1;1
1965-09-15;61.0;61.0;1
1965-10-15;58.6;58.6;1
1965-11-15;59.4;59.4;1
1965-12-15;62.8;62.8;1
1966-01-15;65.8;65.8;1
1966-02-15;65.5;65.5;1
1966-03-15;65.7;65.7;1
1966-04-15;64.2;64.2;1
1966-05-15;57.7;57.7;1
1966-06-15;59.0;59.0;1
1966-07-15;60.3;60.3;1
1966-08-15;58.5;58.5;1
1966-09-15;58.7;58.7;1
1966-10-15;57.2;57.2;1
1966-11-15;53.7;53.7;1
1966-12-15;52.4;52.4;1
1967-01-15;49.1;49.1;1
1967-02-15;47.6;47.6;1
1967-03-15;45.3;45.3;1
1967-04-15;42.8;42.8;1
1967-05-15;44.5;44.5;1
1967-06-15;46.8;46.8;1
1967-07-15;49.5;49.5;1
1967-08-15;52.2;52.2;1
1967-09-15;54.9;54.9;1
1967-10-15;54.1;54.1;1
1967-11-15;54.2;54.2;1
1967-12-15;55.6;55.6;1
1968-01-15;56.6;56.6;1
1968-02-15;55.0;55.0;1
1968-03-15;53.8;53.8;1
1968-04-15;58.0;58.0;1
1968-05-15;55.3;55.3;1
1968-06-15;53.5;53.5;1
1968-07-15;54.1;54.1;1
1968-08-15;52.7;52.7;1
1968-09-15;51.8;51.8;1
1968-10-15;55.8;55.8;1
1968-11-15;58.1;58.1;1
1968-12-15;56.1;56.1;1
1969-01-15;54.9;54.9;1
1969-02-15;57.0;57.0;1
1969-03-15;57.1;57.1;1
1969-04-15;55.2;55.2;1
1969-05-15;56.7;56.7;1
1969-06-15;55.5;55.5;1
1969-07-15;53.1;53.1;1
1969-08-15;54.8;54.8;1
1969-09-15;54.1;54.1;1
1969-10-15;54.6;54.6;1
1969-11-15;53.2;53.2;1
1969-12-15;52.0;52.0;1
1970-01-15;48.7;48.7;1
1970-02-15;47.4;47.4;1
1970-03-15;46.9;46.9;1
1970-04-15;45.0;45.0;1
1970-05-15;47.2;47.2;1
1970-06-15;51.1;51.1;1
1970-07-15;49.5;49.5;1
1970-08-15;47.3;47.3;1
1970-09-15;44.1;44.1;1
1970-10-15;42.4;42.4;1
1970-11-15;39.7;39.7;1
1970-12-15;45.4;45.4;1
1971-01-15;47.9;47.9;1
1971-02-15;54.8;54.8;1
1971-03-15;51.2;51.2;1
1971-04-15;54.5;54.5;1
1971-05-15;54.2;54.2;1
1971-06-15;53.8;53.8;1
1971-07-15;54.4;54.4;1
1971-08-15;53.6;53.6;1
1971-09-15;55.1;55.1;1
1971-10-15;55.0;55.0;1
1971-11-15;52.3;52.3;1
1971-12-15;57.6;57.6;1
1972-01-15;59.6;59.6;1
1972-02-15;60.6;60.6;1
1972-03-15;59.8;59.8;1
1972-04-15;59.3;59.3;1
1972-05-15;61.4;61.4;1
1972-06-15;58.6;58.6;1
1972-07-15;60.1;60.1;1
1972-08-15;61.7;61.7;1
1972-09-15;65.1;65.1;1
1972-10-15;67.0;67.0;1
1972-11-15;69.9;69.9;1
1972-12-15;70.5;70.5;1
1973-01-15;72.1;72.1;1
1973-02-15;69.6;69.6;1
1973-03-15;69.6;69.6;1
1973-04-15;67.7;67.7;1
1973-05-15;64.8;64.8;1
1973-06-15;65.0;65.0;1
1973-07-15;57.8;57.8;1
1973-08-15;62.7;62.7;1
1973-09-15;63.5;63.5;1
1973-10-15;66.2;66.2;1
1973-11-15;68.1;68.1;1
1973-12-15;63.6;63.6;1
1974-01-15;62.1;62.1;1
1974-02-15;58.6;58.6;1
1974-03-15;61.8;61.8;1
1974-04-15;59.9;59.9;1
1974-05-15;55.7;55.7;1
1974-06-15;54.7;54.7;1
1974-07-15;54.8;54.8;1
1974-08-15;52.9;52.9;1
1974-09-15;46.2;46.2;1
1974-10-15;42.7;42.7;1
1974-11-15;37.9;37.9;1
1974-12-15;30.9;30.9;1
1975-01-15;30.7;30.7;1
1975-02-15;34.4;34.4;1
1975-03-15;31.6;31.6;1
1975-04-15;37.5;37.5;1
1975-05-15;41.2;41.2;1
1975-06-15;45.1;45.1;1
1975-07-15;47.2;47.2;1
1975-08-15;51.4;51.4;1
1975-09-15;54.4;54.4;1
1975-10-15;55.5;55.5;1
1975-11-15;54.5;54.5;1
1975-12-15;54.9;54.9;1
1976-01-15;58.8;58.8;1
1976-02-15;61.5;61.5;1
1976-03-15;58.4;58.4;1
1976-04-15;60.6;60.6;1
1976-05-15;58.8;58.8;1
1976-06-15;58.2;58.2;1
1976-07-15;55.9;55.9;1
1976-08-15;54.5;54.5;1
1976-09-15;53.6;53.6;1
1976-10-15;53.5;53.5;1
1976-11-15;51.7;51.7;1
1976-12-15;56.6;56.6;1
1977-01-15;54.8;54.8;1
1977-02-15;55.0;55.0;1
1977-03-15;58.4;58.4;1
1977-04-15;56.9;56.9;1
1977-05-15;59.7;59.7;1
1977-06-15;56.8;56.8;1
1977-07-15;57.7;57.7;1
1977-08-15;54.9;54.9;1
1977-09-15;53.9;53.9;1
1977-10-15;55.4;55.4;1
1977-11-15;56.1;56.1;1
1977-12-15;59.8;59.8;1
1978-01-15;57.4;57.4;1
1978-02-15;55.9;55.9;1
1978-03-15;55.0;55.0;1
1978-04-15;57.7;57.7;1
1978-05-15;60.2;60.2;1
1978-06-15;60.5;60.5;1
1978-07-15;62.2;62.2;1
1978-08-15;60.3;60.3;1
1978-09-15;60.5;60.5;1
1978-10-15;60.1;60.1;1
1978-11-15;61.3;61.3;1
1978-12-15;59.4;59.4;1
1979-01-15;58.5;58.5;1
1979-02-15;58.2;58.2;1
1979-03-15;57.7;57.7;1
1979-04-15;56.2;56.2;1
1979-05-15;54.4;54.4;1
1979-06-15;52.7;52.7;1
1979-07-15;51.3;51.3;1
1979-08-15;49.5;49.5;1
1979-09-15;49.6;49.6;1
1979-10-15;49.0;49.0;1
1979-11-15;48.0;48.0;1
1979-12-15;44.8;44.8;1
1980-01-15;46.2;46.2;1
1980-02-15;50.2;50.2;1
1980-03-15;43.6;43.6;1
1980-04-15;37.4;37.4;1
1980-05-15;29.4;29.4;1
1980-06-15;30.3;30.3;1
1980-07-15;35.0;35.0;1
1980-08-15;45.5;45.5;1
1980-09-15;50.1;50.1;1
1980-10-15;55.5;55.5;1
1980-11-15;58.2;58.2;1
1980-12-15;53.0;53.0;1
1981-01-15;49.2;49.2;1
1981-02-15;48.8;48.8;1
1981-03-15;49.6;49.6;1
1981-04-15;51.6;51.6;1
1981-05-15;53.5;53.5;1
1981-06-15;50.7;50.7;1
1981-07-15;46.7;46.7;1
1981-08-15;48.3;48.3;1
1981-09-15;42.5;42.5;1
1981-10-15;40.0;40.0;1
1981-11-15;36.1;36.1;1
1981-12-15;37.8;37.8;1
1982-01-15;38.2;38.2;1
1982-02-15;38.3;38.3;1
1982-03-15;36.8;36.8;1
1982-04-15;37.8;37.8;1
1982-05-15;35.5;35.5;1
1982-06-15;38.3;38.3;1
1982-07-15;38.4;38.4;1
1982-08-15;38.3;38.3;1
1982-09-15;38.8;38.8;1
1982-10-15;39.4;39.4;1
1982-11-15;39.2;39.2;1
1982-12-15;42.8;42.8;1
1983-01-15;46.0;46.0;1
1983-02-15;54.4;54.4;1
1983-03-15;53.9;53.9;1
1983-04-15;54.2;54.2;1
1983-05-15;56.1;56.1;1
1983-06-15;57.5;57.5;1
1983-07-15;63.6;63.6;1
1983-08-15;63.1;63.1;1
1983-09-15;62.5;62.5;1
1983-10-15;64.4;64.4;1
1983-11-15;66.0;66.0;1
1983-12-15;69.9;69.9;1
1984-01-15;60.5;60.5;1
1984-02-15;61.3;61.3;1
1984-03-15;58.9;58.9;1
1984-04-15;61.0;61.0;1
1984-05-15;58.6;58.6;1
1984-06-15;58.1;58.1;1
1984-07-15;56.1;56.1;1
1984-08-15;53.0;53.0;1
1984-09-15;50.0;50.0;1
1984-10-15;50.8;50.8;1
1984-11-15;50.3;50.3;1
1984-12-15;50.6;50.6;1
1985-01-15;50.3;50.3;1
1985-02-15;49.9;49.9;1
1985-03-15;47.8;47.8;1
1985-04-15;48.2;48.2;1
1985-05-15;47.1;47.1;1
1985-06-15;47.8;47.8;1
1985-07-15;47.9;47.9;1
1985-08-15;47.7;47.7;1
1985-09-15;49.9;49.9;1
1985-10-15;50.9;50.9;1
1985-11-15;52.0;52.0;1
1985-12-15;50.7;50.7;1
1986-01-15;51.2;51.2;1
1986-02-15;51.0;51.0;1
1986-03-15;51.0;51.0;1
1986-04-15;49.7;49.7;1
1986-05-15;53.4;53.4;1
1986-06-15;50.5;50.5;1
1986-07-15;48.0;48.0;1
1986-08-15;52.6;52.6;1
1986-09-15;52.4;52.4;1
1986-10-15;51.2;51.2;1
1986-11-15;51.2;51.2;1
1986-12-15;50.5;50.5;1
1987-01-15;54.9;54.9;1
1987-02-15;52.6;52.6;1
1987-03-15;55.0;55.0;1
1987-04-15;55.5;55.5;1
1987-05-15;57.2;57.2;1
1987-06-15;57.4;57.4;1
1987-07-15;57.5;57.5;1
1987-08-15;59.3;59.3;1
1987-09-15;60.0;60.0;1
1987-10-15;60.7;60.7;1
1987-11-15;58.8;58.8;1
1987-12-15;61.0;61.0;1
1988-01-15;57.5;57.5;1
1988-02-15;56.2;56.2;1
1988-03-15;54.6;54.6;1
1988-04-15;55.8;55.8;1
1988-05-15;55.5;55.5;1
1988-06-15;59.3;59.3;1
1988-07-15;58.2;58.2;1
1988-08-15;56.0;56.0;1
1988-09-15;54.5;54.5;1
1988-10-15;55.4;55.4;1
1988-11-15;55.6;55.6;1
1988-12-15;56.0;56.0;1
1989-01-15;54.7;54.7;1
1989-02-15;54.1;54.1;1
1989-03-15;51.5;51.5;1
1989-04-15;52.2;52.2;1
1989-05-15;49.3;49.3;1
1989-06-15;47.3;47.3;1
1989-07-15;45.9;45.9;1
1989-08-15;45.1;45.1;1
1989-09-15;46.0;46.0;1
1989-10-15;46.8;46.8;1
1989-11-15;46.8;46.8;1
1989-12-15;47.4;47.4;1
1990-01-15;47.2;47.2;1
1990-02-15;49.1;49.1;1
1990-03-15;49.9;49.9;1
1990-04-15;50.0;50.0;1
1990-05-15;49.5;49.5;1
1990-06-15;49.2;49.2;1
1990-07-15;46.6;46.6;1
1990-08-15;46.1;46.1;1
1990-09-15;44.5;44.5;1
1990-10-15;43.2;43.2;1
1990-11-15;41.3;41.3;1
1990-12-15;40.8;40.8;1
1991-01-15;39.2;39.2;1
1991-02-15;39.4;39.4;1
1991-03-15;40.7;40.7;1
1991-04-15;42.8;42.8;1
1991-05-15;44.5;44.5;1
1991-06-15;50.3;50.3;1
1991-07-15;50.6;50.6;1
1991-08-15;52.9;52.9;1
1991-09-15;54.9;54.9;1
1991-10-15;53.1;53.1;1
1991-11-15;49.5;49.5;1
1991-12-15;46.8;46.8;1
1992-01-15;47.3;47.3;1
1992-02-15;52.7;52.7;1
1992-03-15;54.6;54.6;1
1992-04-15;52.6;52.6;1
1992-05-15;55.7;55.7;1
1992-06-15;53.6;53.6;1
1992-07-15;53.9;53.9;1
1992-08-15;53.4;53.4;1
1992-09-15;49.7;49.7;1
1992-10-15;50.3;50.3;1
1992-11-15;53.6;53.6;1
1992-12-15;54.2;54.2;1
1993-01-15;55.8;55.8;1
1993-02-15;55.2;55.2;1
1993-03-15;53.5;53.5;1
1993-04-15;50.2;50.2;1
1993-05-15;51.2;51.2;1
1993-06-15;49.6;49.6;1
1993-07-15;50.2;50.2;1
1993-08-15;50.7;50.7;1
1993-09-15;50.8;50.8;1
1993-10-15;53.4;53.4;1
1993-11-15;53.8;53.8;1
1993-12-15;55.6;55.6;1
1994-01-15;56.0;56.0;1
1994-02-15;56.5;56.5;1
1994-03-15;56.9;56.9;1
1994-04-15;57.4;57.4;1
1994-05-15;58.2;58.2;1
1994-06-15;58.8;58.8;1
1994-07-15;58.5;58.5;1
1994-08-15;58.0;58.0;1
1994-09-15;59.0;59.0;1
1994-10-15;59.4;59.4;1
1994-11-15;59.2;59.2;1
1994-12-15;56.1;56.1;1
1995-01-15;57.4;57.4;1
1995-02-15;55.1;55.1;1
1995-03-15;52.1;52.1;1
1995-04-15;51.5;51.5;1
1995-05-15;46.7;46.7;1
1995-06-15;45.9;45.9;1
1995-07-15;50.7;50.7;1
1995-08-15;47.1;47.1;1
1995-09-15;48.1;48.1;1
1995-10-15;46.7;46.7;1
1995-11-15;45.9;45.9;1
1995-12-15;46.2;46.2;1
1996-01-15;45.5;45.5;1
1996-02-15;45.9;45.9;1
1996-03-15;46.9;46.9;1
1996-04-15;49.3;49.3;1
1996-05-15;49.1;49.1;1
1996-06-15;53.6;53.6;1
1996-07-15;49.7;49.7;1
1996-08-15;51.6;51.6;1
1996-09-15;51.1;51.1;1
1996-10-15;50.5;50.5;1
1996-11-15;53.0;53.0;1
1996-12-15;55.2;55.2;1
1997-01-15;53.8;53.8;1
1997-02-15;53.1;53.1;1
1997-03-15;53.8;53.8;1
1997-04-15;53.7;53.7;1
1997-05-15;56.1;56.1;1
1997-06-15;54.9;54.9;1
1997-07-15;57.7;57.7;1
1997-08-15;56.3;56.3;1
1997-09-15;53.9;53.9;1
1997-10-15;56.4;56.4;1
1997-11-15;55.7;55.7;1
1997-12-15;54.5;54.5;1
1998-01-15;53.8;53.8;1
1998-02-15;52.9;52.9;1
1998-03-15;52.9;52.9;1
1998-04-15;52.2;52.2;1
1998-05-15;50.9;50.9;1
1998-06-15;48.9;48.9;1
1998-07-15;49.2;49.2;1
1998-08-15;49.3;49.3;1
1998-09-15;48.7;48.7;1
1998-10-15;48.7;48.7;1
1998-11-15;48.2;48.2;1
1998-12-15;46.8;46.8;1
1999-01-15;50.6;50.6;1
1999-02-15;51.7;51.7;1
1999-03-15;52.4;52.4;1
1999-04-15;52.3;52.3;1
1999-05-15;54.3;54.3;1
1999-06-15;55.8;55.8;1
1999-07-15;53.6;53.6;1
1999-08-15;54.8;54.8;1
1999-09-15;57.0;57.0;1
1999-10-15;57.2;57.2;1
1999-11-15;58.1;58.1;1
1999-12-15;57.8;57.8;1
2000-01-15;56.7;56.7;1
2000-02-15;55.8;55.8;1
2000-03-15;54.9;54.9;1
2000-04-15;54.7;54.7;1
2000-05-15;53.2;53.2;1
2000-06-15;51.4;51.4;1
2000-07-15;52.5;52.5;1
2000-08-15;49.9;49.9;1
2000-09-15;49.7;49.7;1
2000-10-15;48.7;48.7;1
2000-11-15;48.5;48.5;1
2000-12-15;43.9;43.9;1
2001-01-15;42.3;42.3;1
2001-02-15;42.1;42.1;1
2001-03-15;43.1;43.1;1
2001-04-15;42.7;42.7;1
2001-05-15;41.3;41.3;1
2001-06-15;43.2;43.2;1
2001-07-15;43.5;43.5;1
2001-08-15;46.3;46.3;1
2001-09-15;46.2;46.2;1
2001-10-15;40.8;40.8;1
2001-11-15;44.1;44.1;1
2001-12-15;45.3;45.3;1
2002-01-15;47.5;47.5;1
2002-02-15;50.7;50.7;1
2002-03-15;52.4;52.4;1
2002-04-15;52.4;52.4;1
2002-05-15;53.1;53.1;1
2002-06-15;53.6;53.6;1
2002-07-15;50.2;50.2;1
2002-08-15;50.3;50.3;1
2002-09-15;50.5;50.5;1
2002-10-15;49.0;49.0;1
2002-11-15;48.5;48.5;1
2002-12-15;51.6;51.6;1
2003-01-15;51.3;51.3;1
2003-02-15;48.8;48.8;1
2003-03-15;46.3;46.3;1
2003-04-15;46.1;46.1;1
2003-05-15;49.0;49.0;1
2003-06-15;49.0;49.0;1
2003-07-15;51.0;51.0;1
2003-08-15;53.2;53.2;1
2003-09-15;52.4;52.4;1
2003-10-15;55.2;55.2;1
2003-11-15;58.4;58.4;1
2003-12-15;60.1;60.1;1
2004-01-15;60.8;60.8;1
2004-02-15;59.9;59.9;1
2004-03-15;60.6;60.6;1
2004-04-15;60.6;60.6;1
2004-05-15;61.4;61.4;1
2004-06-15;60.5;60.5;1
2004-07-15;59.9;59.9;1
2004-08-15;58.5;58.5;1
2004-09-15;57.4;57.4;1
2004-10-15;56.3;56.3;1
2004-11-15;56.2;56.2;1
2004-12-15;57.2;57.2;1
2005-01-15;56.8;56.8;1
2005-02-15;55.5;55.5;1
2005-03-15;55.2;55.2;1
2005-04-15;52.2;52.2;1
2005-05-15;50.8;50.8;1
2005-06-15;52.4;52.4;1
2005-07-15;52.8;52.8;1
2005-08-15;52.4;52.4;1
2005-09-15;56.8;56.8;1
2005-10-15;57.2;57.2;1
2005-11-15;56.7;56.7;1
2005-12-15;55.1;55.1;1
2006-01-15;55.0;55.0;1
2006-02-15;55.8;55.8;1
2006-03-15;54.3;54.3;1
2006-04-15;55.2;55.2;1
2006-05-15;53.7;53.7;1
2006-06-15;52.0;52.0;1
2006-07-15;53.0;53.0;1
2006-08-15;53.7;53.7;1
2006-09-15;52.2;52.2;1
2006-10-15;51.4;51.4;1
2006-11-15;50.3;50.3;1
2006-12-15;51.4;51.4;1
2007-01-15;49.5;49.5;1
2007-02-15;51.9;51.9;1
2007-03-15;50.7;50.7;1
2007-04-15;52.6;52.6;1
2007-05-15;52.5;52.5;1
2007-06-15;52.6;52.6;1
2007-07-15;52.4;52.4;1
2007-08-15;50.9;50.9;1
2007-09-15;51.0;51.0;1
2007-10-15;51.1;51.1;1
2007-11-15;50.5;50.5;1
2007-12-15;49.0;49.0;1
2008-01-15;50.3;50.3;1
2008-02-15;47.6;47.6;1
2008-03-15;48.3;48.3;1
2008-04-15;48.8;48.8;1
2008-05-15;48.8;48.8;1
2008-06-15;49.8;49.8;1
2008-07-15;50.0;50.0;1
2008-08-15;49.2;49.2;1
2008-09-15;44.8;44.8;1
2008-10-15;38.9;38.9;1
2008-11-15;36.5;36.5;1
2008-12-15;33.1;33.1;1
2009-01-15;34.9;34.9;1
2009-02-15;35.5;35.5;1
2009-03-15;36.0;36.0;1
2009-04-15;39.5;39.5;1
2009-05-15;41.7;41.7;1
2009-06-15;45.8;45.8;1
2009-07-15;49.9;49.9;1
2009-08-15;53.5;53.5;1
2009-09-15;54.4;54.4;1
2009-10-15;56.0;56.0;1
2009-11-15;54.4;54.4;1
2009-12-15;55.3;55.3;1
2010-01-15;57.2;57.2;1
2010-02-15;55.8;55.8;1
2010-03-15;58.8;58.8;1
2010-04-15;58.1;58.1;1
2010-05-15;58.3;58.3;1
2010-06-15;56.4;56.4;1
2010-07-15;56.4;56.4;1
2010-08-15;58.0;58.0;1
2010-09-15;56.3;56.3;1
2010-10-15;57.7;57.7;1
2010-11-15;57.6;57.6;1
2010-12-15;57.5;57.5;1
2011-01-15;59.3;59.3;1
2011-02-15;59.9;59.9;1
2011-03-15;59.2;59.2;1
2011-04-15;59.4;59.4;1
2011-05-15;53.9;53.9;1
2011-06-15;56.2;56.2;1
2011-07-15;52.9;52.9;1
2011-08-15;52.8;52.8;1
2011-09-15;52.7;52.7;1
2011-10-15;51.4;51.4;1
2011-11-15;51.5;51.5;1
2011-12-15;52.6;52.6;1
2012-01-15;53.1;53.1;1
2012-02-15;53.5;53.5;1
2012-03-15;53.6;53.6;1
2012-04-15;54.3;54.3;1
2012-05-15;53.4;53.4;1
2012-06-15;50.7;50.7;1
2012-07-15;50.0;50.0;1
2012-08-15;50.7;50.7;1
2012-09-15;51.8;51.8;1
2012-10-15;50.5;50.5;1
2012-11-15;48.8;48.8;1
2012-12-15;49.8;49.8;1
2013-01-15;52.9;52.9;1
2013-02-15;54.6;54.6;1
2013-03-15;52.5;52.5;1
2013-04-15;50.4;50.4;1
2013-05-15;50.2;50.2;1
2013-06-15;52.3;52.3;1
2013-07-15;53.8;53.8;1
2013-08-15;55.6;55.6;1
2013-09-15;55.4;55.4;1
2013-10-15;55.4;55.4;1
2013-11-15;56.0;56.0;1
2013-12-15;55.9;55.9;1
2014-01-15;52.1;52.1;1
2014-02-15;54.8;54.8;1
2014-03-15;55.1;55.1;1
2014-04-15;55.4;55.4;1
2014-05-15;55.8;55.8;1
2014-06-15;55.3;55.3;1
2014-07-15;55.6;55.6;1
2014-08-15;58.1;58.1;1
2014-09-15;55.8;55.8;1
2014-10-15;57.3;57.3;1
2014-11-15;57.5;57.5;1
2014-12-15;54.9;54.9;1
2015-01-15;53.9;53.9;1
2015-02-15;53.3;53.3;1
2015-03-15;52.3;52.3;1
2015-04-15;51.6;51.6;1
2015-05-15;53.1;53.1;1
2015-06-15;53.1;53.1;1
2015-07-15;51.9;51.9;1
2015-08-15;51.0;51.0;1
2015-09-15;50.0;50.0;1
2015-10-15;49.4;49.4;1
2015-11-15;48.4;48.4;1
2015-12-15;48.0;48.0;1
2016-01-15;48.2;48.2;1
2016-02-15;49.5;49.5;1
2016-03-15;51.8;51.8;1
