USCRDCONB;ES;ESA;ESMAG
1950-01-31;19.05087;19050870000.0;1000000000.0
1950-02-28;19.37163;19371630000.0;1000000000.0
1950-03-31;19.73483;19734830000.0;1000000000.0
1950-04-28;20.14838;20148380000.0;1000000000.0
1950-05-31;20.62168;20621680000.0;1000000000.0
1950-06-30;21.11884;21118840000.0;1000000000.0
1950-07-31;22.08629;22086290000.0;1000000000.0
1950-08-31;22.72826;22728260000.0;1000000000.0
1950-09-29;23.17157;23171570000.0;1000000000.0
1950-10-31;23.24215;23242150000.0;1000000000.0
1950-11-30;23.25856;23258560000.0;1000000000.0
1950-12-29;23.22916;23229160000.0;1000000000.0
1951-01-31;23.7976;23797600000.0;1000000000.0
1951-02-28;24.10942;24109420000.0;1000000000.0
1951-03-30;24.28096;24280960000.0;1000000000.0
1951-04-30;24.07615;24076150000.0;1000000000.0
1951-05-31;23.99488;23994880000.0;1000000000.0
1951-06-29;23.84103;23841030000.0;1000000000.0
1951-07-31;23.70657;23706570000.0;1000000000.0
1951-08-31;23.94011;23940110000.0;1000000000.0
1951-09-28;24.09829;24098290000.0;1000000000.0
1951-10-31;24.28801;24288010000.0;1000000000.0
1951-11-30;24.63974;24639740000.0;1000000000.0
1951-12-31;24.62795;24627950000.0;1000000000.0
1952-01-31;24.80192;24801920000.0;1000000000.0
1952-02-29;25.15192;25151920000.0;1000000000.0
1952-03-31;25.19558;25195580000.0;1000000000.0
1952-04-30;25.54805;25548050000.0;1000000000.0
1952-05-30;26.14647;26146470000.0;1000000000.0
1952-06-30;26.76243;26762430000.0;1000000000.0
1952-07-31;27.21019;27210190000.0;1000000000.0
1952-08-29;27.46878;27468780000.0;1000000000.0
1952-09-30;27.86982;27869820000.0;1000000000.0
1952-10-31;28.49656;28496560000.0;1000000000.0
1952-11-28;29.04911;29049110000.0;1000000000.0
1952-12-31;29.68558;29685580000.0;1000000000.0
1953-01-30;30.47945;30479450000.0;1000000000.0
1953-02-27;30.88661;30886610000.0;1000000000.0
1953-03-31;31.63933;31639330000.0;1000000000.0
1953-04-30;32.11735;32117350000.0;1000000000.0
1953-05-29;32.43182;32431820000.0;1000000000.0
1953-06-30;32.50158;32501580000.0;1000000000.0
1953-07-31;32.7923;32792300000.0;1000000000.0
1953-08-31;33.06061;33060610000.0;1000000000.0
1953-09-30;33.25574;33255740000.0;1000000000.0
1953-10-30;33.48228;33482280000.0;1000000000.0
1953-11-30;33.55831;33558310000.0;1000000000.0
1953-12-31;33.69692;33696920000.0;1000000000.0
1954-01-29;34.0649;34064900000.0;1000000000.0
1954-02-26;33.70135;33701350000.0;1000000000.0
1954-03-31;33.50766;33507660000.0;1000000000.0
1954-04-30;33.7065;33706500000.0;1000000000.0
1954-05-31;33.7048;33704800000.0;1000000000.0
1954-06-30;33.81539;33815390000.0;1000000000.0
1954-07-30;34.0572;34057200000.0;1000000000.0
1954-08-31;34.00956;34009560000.0;1000000000.0
1954-09-30;34.13728;34137280000.0;1000000000.0
1954-10-29;34.36337;34363370000.0;1000000000.0
1954-11-30;34.60856;34608560000.0;1000000000.0
1954-12-31;35.02827;35028270000.0;1000000000.0
1955-01-31;35.37251;35372510000.0;1000000000.0
1955-02-28;35.92541;35925410000.0;1000000000.0
1955-03-31;36.53032;36530320000.0;1000000000.0
1955-04-29;37.23521;37235210000.0;1000000000.0
1955-05-31;37.73678;37736780000.0;1000000000.0
1955-06-30;38.53667;38536670000.0;1000000000.0
1955-07-29;39.02943;39029430000.0;1000000000.0
1955-08-31;39.73277;39732770000.0;1000000000.0
1955-09-30;40.39419;40394190000.0;1000000000.0
1955-10-31;40.83366;40833660000.0;1000000000.0
1955-11-30;41.36682;41366820000.0;1000000000.0
1955-12-30;41.86903;41869030000.0;1000000000.0
1956-01-31;42.12013;42120130000.0;1000000000.0
1956-02-29;42.56107;42561070000.0;1000000000.0
1956-03-30;43.20525;43205250000.0;1000000000.0
1956-04-30;43.38397;43383970000.0;1000000000.0
1956-05-31;43.79961;43799610000.0;1000000000.0
1956-06-29;44.05363;44053630000.0;1000000000.0
1956-07-31;44.17342;44173420000.0;1000000000.0
1956-08-31;44.49886;44498860000.0;1000000000.0
1956-09-28;44.77898;44778980000.0;1000000000.0
1956-10-31;44.93415;44934150000.0;1000000000.0
1956-11-30;45.40079;45400790000.0;1000000000.0
1956-12-31;45.44824;45448240000.0;1000000000.0
1957-01-31;45.7005;45700500000.0;1000000000.0
1957-02-28;46.04224;46042240000.0;1000000000.0
1957-03-29;46.2453;46245300000.0;1000000000.0
1957-04-30;46.51742;46517420000.0;1000000000.0
1957-05-31;46.83804;46838040000.0;1000000000.0
1957-06-28;47.00029;47000290000.0;1000000000.0
1957-07-31;47.36847;47368470000.0;1000000000.0
1957-08-30;47.64621;47646210000.0;1000000000.0
1957-09-30;47.74148;47741480000.0;1000000000.0
1957-10-31;47.879;47879000000.0;1000000000.0
1957-11-29;47.95967;47959670000.0;1000000000.0
1957-12-31;48.07827;48078270000.0;1000000000.0
1958-01-31;48.29247;48292470000.0;1000000000.0
1958-02-28;48.09752;48097520000.0;1000000000.0
1958-03-31;47.77344;47773440000.0;1000000000.0
1958-04-30;47.6625;47662500000.0;1000000000.0
1958-05-30;47.61828;47618280000.0;1000000000.0
1958-06-30;47.50736;47507360000.0;1000000000.0
1958-07-31;47.55228;47552280000.0;1000000000.0
1958-08-29;47.59298;47592980000.0;1000000000.0
1958-09-30;47.71292;47712920000.0;1000000000.0
1958-10-31;47.82317;47823170000.0;1000000000.0
1958-11-28;47.98748;47987480000.0;1000000000.0
1958-12-31;48.39435;48394350000.0;1000000000.0
1959-01-30;48.96116;48961160000.0;1000000000.0
1959-02-27;49.51371;49513710000.0;1000000000.0
1959-03-31;50.00773;50007730000.0;1000000000.0
1959-04-30;50.46343;50463430000.0;1000000000.0
1959-05-29;51.00724;51007240000.0;1000000000.0
1959-06-30;51.67544;51675440000.0;1000000000.0
1959-07-31;52.35685;52356850000.0;1000000000.0
1959-08-31;53.03853;53038530000.0;1000000000.0
1959-09-30;53.68375;53683750000.0;1000000000.0
1959-10-30;54.36595;54365950000.0;1000000000.0
1959-11-30;54.79481;54794810000.0;1000000000.0
1959-12-31;56.01068;56010680000.0;1000000000.0
1960-01-29;56.01558;56015580000.0;1000000000.0
1960-02-29;56.36463;56364630000.0;1000000000.0
1960-03-31;56.86288;56862880000.0;1000000000.0
1960-04-29;57.7114;57711400000.0;1000000000.0
1960-05-31;57.95103;57951030000.0;1000000000.0
1960-06-30;58.38706;58387060000.0;1000000000.0
1960-07-29;58.74671;58746710000.0;1000000000.0
1960-08-31;58.94715;58947150000.0;1000000000.0
1960-09-30;59.36465;59364650000.0;1000000000.0
1960-10-31;59.62899;59628990000.0;1000000000.0
1960-11-30;59.87401;59874010000.0;1000000000.0
1960-12-30;60.02531;60025310000.0;1000000000.0
1961-01-31;60.67185;60671850000.0;1000000000.0
1961-02-28;60.31013;60310130000.0;1000000000.0
1961-03-31;60.45546;60455460000.0;1000000000.0
1961-04-28;60.07587;60075870000.0;1000000000.0
1961-05-31;60.17969;60179690000.0;1000000000.0
1961-06-30;60.33475;60334750000.0;1000000000.0
1961-07-31;60.39598;60395980000.0;1000000000.0
1961-08-31;60.61948;60619480000.0;1000000000.0
1961-09-29;60.88309;60883090000.0;1000000000.0
1961-10-31;61.15822;61158220000.0;1000000000.0
1961-11-30;61.74829;61748290000.0;1000000000.0
1961-12-29;62.24853;62248530000.0;1000000000.0
1962-01-31;62.2828;62282800000.0;1000000000.0
1962-02-28;62.64035;62640350000.0;1000000000.0
1962-03-30;63.12857;63128570000.0;1000000000.0
1962-04-30;63.86691;63866910000.0;1000000000.0
1962-05-31;64.60104;64601040000.0;1000000000.0
1962-06-29;65.13742;65137420000.0;1000000000.0
1962-07-31;65.51218;65512180000.0;1000000000.0
1962-08-31;66.05512;66055120000.0;1000000000.0
1962-09-28;66.43833;66438330000.0;1000000000.0
1962-10-31;67.02888;67028880000.0;1000000000.0
1962-11-30;67.6421;67642100000.0;1000000000.0
1962-12-31;68.12672;68126720000.0;1000000000.0
1963-01-31;68.65646;68656460000.0;1000000000.0
1963-02-28;69.37675;69376750000.0;1000000000.0
1963-03-29;70.07341;70073410000.0;1000000000.0
1963-04-30;70.80161;70801610000.0;1000000000.0
1963-05-31;71.33514;71335140000.0;1000000000.0
1963-06-28;71.87559;71875590000.0;1000000000.0
1963-07-31;72.71645;72716450000.0;1000000000.0
1963-08-30;73.57616;73576160000.0;1000000000.0
1963-09-30;74.16977;74169770000.0;1000000000.0
1963-10-31;75.11295;75112950000.0;1000000000.0
1963-11-29;75.60692;75606920000.0;1000000000.0
1963-12-31;76.58145;76581450000.0;1000000000.0
1964-01-31;77.46136;77461360000.0;1000000000.0
1964-02-28;78.33623;78336230000.0;1000000000.0
1964-03-31;79.24041;79240410000.0;1000000000.0
1964-04-30;79.90816;79908160000.0;1000000000.0
1964-05-29;80.83452;80834520000.0;1000000000.0
1964-06-30;81.42818;81428180000.0;1000000000.0
1964-07-31;82.2945;82294500000.0;1000000000.0
1964-08-31;82.97305;82973050000.0;1000000000.0
1964-09-30;83.92197;83921970000.0;1000000000.0
1964-10-30;84.53018;84530180000.0;1000000000.0
1964-11-30;84.94403;84944030000.0;1000000000.0
1964-12-31;85.95957;85959570000.0;1000000000.0
1965-01-29;87.18259;87182590000.0;1000000000.0
1965-02-26;88.15204;88152040000.0;1000000000.0
1965-03-31;88.91607;88916070000.0;1000000000.0
1965-04-30;90.04741;90047410000.0;1000000000.0
1965-05-31;90.88588;90885880000.0;1000000000.0
1965-06-30;91.83009;91830090000.0;1000000000.0
1965-07-30;92.69463;92694630000.0;1000000000.0
1965-08-31;93.2871;93287100000.0;1000000000.0
1965-09-30;94.12648;94126480000.0;1000000000.0
1965-10-29;94.80453;94804530000.0;1000000000.0
1965-11-30;95.40527;95405270000.0;1000000000.0
1965-12-31;95.95472;95954720000.0;1000000000.0
1966-01-31;97.03072;97030720000.0;1000000000.0
1966-02-28;97.75836;97758360000.0;1000000000.0
1966-03-31;98.44639;98446390000.0;1000000000.0
1966-04-29;98.80509;98805090000.0;1000000000.0
1966-05-31;99.30544;99305440000.0;1000000000.0
1966-06-30;99.78867;99788670000.0;1000000000.0
1966-07-29;100.06144;1.0006144e+11;1000000000.0
1966-08-31;100.5867;1.005867e+11;1000000000.0
1966-09-30;100.67245;1.0067245e+11;1000000000.0
1966-10-31;100.95307;1.0095307e+11;1000000000.0
1966-11-30;101.43735;1.0143735e+11;1000000000.0
1966-12-30;101.78822;1.0178822e+11;1000000000.0
1967-01-31;102.19855;1.0219855e+11;1000000000.0
1967-02-28;102.36259;1.0236259e+11;1000000000.0
1967-03-31;102.73216;1.0273216e+11;1000000000.0
1967-04-28;102.88594;1.0288594e+11;1000000000.0
1967-05-31;103.1514;1.031514e+11;1000000000.0
1967-06-30;103.74104;1.0374104e+11;1000000000.0
1967-07-31;104.09425;1.0409425e+11;1000000000.0
1967-08-31;104.67752;1.0467752e+11;1000000000.0
1967-09-29;105.17229;1.0517229e+11;1000000000.0
1967-10-31;105.44072;1.0544072e+11;1000000000.0
1967-11-30;106.29661;1.0629661e+11;1000000000.0
1967-12-29;106.84264;1.0684264e+11;1000000000.0
1968-01-31;106.7724;1.067724e+11;1000000000.0
1968-02-29;107.92842;1.0792842e+11;1000000000.0
1968-03-29;108.68905;1.0868905e+11;1000000000.0
1968-04-30;109.59758;1.0959758e+11;1000000000.0
1968-05-31;110.37701;1.1037701e+11;1000000000.0
1968-06-28;111.06785;1.1106785e+11;1000000000.0
1968-07-31;112.1237;1.121237e+11;1000000000.0
1968-08-30;112.84495;1.1284495e+11;1000000000.0
1968-09-30;113.75424;1.1375424e+11;1000000000.0
1968-10-31;115.22826;1.1522826e+11;1000000000.0
1968-11-29;116.19605;1.1619605e+11;1000000000.0
1968-12-31;117.39909;1.1739909e+11;1000000000.0
1969-01-31;118.22598;1.1822598e+11;1000000000.0
1969-02-28;119.44904;1.1944904e+11;1000000000.0
1969-03-31;120.43148;1.2043148e+11;1000000000.0
1969-04-30;121.52369;1.2152369e+11;1000000000.0
1969-05-30;122.56481;1.2256481e+11;1000000000.0
1969-06-30;123.38066;1.2338066e+11;1000000000.0
1969-07-31;124.00398;1.2400398e+11;1000000000.0
1969-08-29;124.60868;1.2460868e+11;1000000000.0
1969-09-30;125.31914;1.2531914e+11;1000000000.0
1969-10-31;126.01972;1.2601972e+11;1000000000.0
1969-11-28;126.56923;1.2656923e+11;1000000000.0
1969-12-31;127.15618;1.2715618e+11;1000000000.0
1970-01-30;127.80299;1.2780299e+11;1000000000.0
1970-02-27;128.19115;1.2819115e+11;1000000000.0
1970-03-31;128.28;1.2828e+11;1000000000.0
1970-04-30;128.37472;1.2837472e+11;1000000000.0
1970-05-29;128.53404;1.2853404e+11;1000000000.0
1970-06-30;129.18543;1.2918543e+11;1000000000.0
1970-07-31;129.85691;1.2985691e+11;1000000000.0
1970-08-31;130.1846;1.301846e+11;1000000000.0
1970-09-30;130.85083;1.3085083e+11;1000000000.0
1970-10-30;131.11307;1.3111307e+11;1000000000.0
1970-11-30;130.80743;1.3080743e+11;1000000000.0
1970-12-31;131.55155;1.3155155e+11;1000000000.0
1971-01-29;134.16406;1.3416406e+11;1000000000.0
1971-02-26;134.93292;1.3493292e+11;1000000000.0
1971-03-31;135.73629;1.3573629e+11;1000000000.0
1971-04-30;136.99253;1.3699253e+11;1000000000.0
1971-05-31;137.84093;1.3784093e+11;1000000000.0
1971-06-30;138.76893;1.3876893e+11;1000000000.0
1971-07-30;139.90802;1.3990802e+11;1000000000.0
1971-08-31;141.25209;1.4125209e+11;1000000000.0
1971-09-30;142.76657;1.4276657e+11;1000000000.0
1971-10-29;143.92676;1.4392676e+11;1000000000.0
1971-11-30;145.63484;1.4563484e+11;1000000000.0
1971-12-31;146.93018;1.4693018e+11;1000000000.0
1972-01-31;147.66048;1.4766048e+11;1000000000.0
1972-02-29;148.92454;1.4892454e+11;1000000000.0
1972-03-31;150.77106;1.5077106e+11;1000000000.0
1972-04-28;152.32195;1.5232195e+11;1000000000.0
1972-05-31;154.19949;1.5419949e+11;1000000000.0
1972-06-30;156.15301;1.5615301e+11;1000000000.0
1972-07-31;157.27992;1.5727992e+11;1000000000.0
1972-08-31;158.93936;1.5893936e+11;1000000000.0
1972-09-29;160.55329;1.6055329e+11;1000000000.0
1972-10-31;162.22503;1.6222503e+11;1000000000.0
1972-11-30;164.10159;1.6410159e+11;1000000000.0
1972-12-29;166.1891;1.661891e+11;1000000000.0
1973-01-31;169.29467;1.6929467e+11;1000000000.0
1973-02-28;171.60183;1.7160183e+11;1000000000.0
1973-03-30;173.90894;1.7390894e+11;1000000000.0
1973-04-30;175.76268;1.7576268e+11;1000000000.0
1973-05-31;178.12795;1.7812795e+11;1000000000.0
1973-06-29;180.42927;1.8042927e+11;1000000000.0
1973-07-31;182.3182;1.823182e+11;1000000000.0
1973-08-31;184.32651;1.8432651e+11;1000000000.0
1973-09-28;185.34551;1.8534551e+11;1000000000.0
1973-10-31;187.47609;1.8747609e+11;1000000000.0
1973-11-30;189.3088;1.893088e+11;1000000000.0
1973-12-31;190.08631;1.9008631e+11;1000000000.0
1974-01-31;191.31247;1.9131247e+11;1000000000.0
1974-02-28;192.51536;1.9251536e+11;1000000000.0
1974-03-29;193.35799;1.9335799e+11;1000000000.0
1974-04-30;194.60355;1.9460355e+11;1000000000.0
1974-05-31;195.8699;1.958699e+11;1000000000.0
1974-06-28;196.8878;1.968878e+11;1000000000.0
1974-07-31;198.29354;1.9829354e+11;1000000000.0
1974-08-30;199.3168;1.993168e+11;1000000000.0
1974-09-30;199.61712;1.9961712e+11;1000000000.0
1974-10-31;199.53477;1.9953477e+11;1000000000.0
1974-11-29;199.25468;1.9925468e+11;1000000000.0
1974-12-31;198.91784;1.9891784e+11;1000000000.0
1975-01-31;199.0636;1.990636e+11;1000000000.0
1975-02-28;199.50775;1.9950775e+11;1000000000.0
1975-03-31;199.10994;1.9910994e+11;1000000000.0
1975-04-30;198.74286;1.9874286e+11;1000000000.0
1975-05-30;198.73721;1.9873721e+11;1000000000.0
1975-06-30;196.04336;1.9604336e+11;1000000000.0
1975-07-31;197.57936;1.9757936e+11;1000000000.0
1975-08-29;198.21159;1.9821159e+11;1000000000.0
1975-09-30;199.42896;1.9942896e+11;1000000000.0
1975-10-31;200.43428;2.0043428e+11;1000000000.0
1975-11-28;201.49288;2.0149288e+11;1000000000.0
1975-12-31;204.002;2.04002e+11;1000000000.0
1976-01-30;205.52079;2.0552079e+11;1000000000.0
1976-02-27;206.70929;2.0670929e+11;1000000000.0
1976-03-31;208.33857;2.0833857e+11;1000000000.0
1976-04-30;210.50006;2.1050006e+11;1000000000.0
1976-05-31;211.40742;2.1140742e+11;1000000000.0
1976-06-30;213.2401;2.132401e+11;1000000000.0
1976-07-30;215.2727;2.152727e+11;1000000000.0
1976-08-31;216.50986;2.1650986e+11;1000000000.0
1976-09-30;218.70878;2.1870878e+11;1000000000.0
1976-10-29;220.8671;2.208671e+11;1000000000.0
1976-11-30;222.80491;2.2280491e+11;1000000000.0
1976-12-31;225.72159;2.2572159e+11;1000000000.0
1977-01-31;225.73315;2.2573315e+11;1000000000.0
1977-02-28;228.52821;2.2852821e+11;1000000000.0
1977-03-31;232.34827;2.3234827e+11;1000000000.0
1977-04-29;235.59405;2.3559405e+11;1000000000.0
1977-05-31;239.01809;2.3901809e+11;1000000000.0
1977-06-30;242.40858;2.4240858e+11;1000000000.0
1977-07-29;245.48106;2.4548106e+11;1000000000.0
1977-08-31;248.47453;2.4847453e+11;1000000000.0
1977-09-30;251.2618;2.512618e+11;1000000000.0
1977-10-31;255.41564;2.5541564e+11;1000000000.0
1977-11-30;258.77291;2.5877291e+11;1000000000.0
1977-12-30;260.5627;2.605627e+11;1000000000.0
1978-01-31;262.76532;2.6276532e+11;1000000000.0
1978-02-28;265.73802;2.6573802e+11;1000000000.0
1978-03-31;270.26281;2.7026281e+11;1000000000.0
1978-04-28;274.13698;2.7413698e+11;1000000000.0
1978-05-31;279.25657;2.7925657e+11;1000000000.0
1978-06-30;285.10077;2.8510077e+11;1000000000.0
1978-07-31;288.80554;2.8880554e+11;1000000000.0
1978-08-31;292.81311;2.9281311e+11;1000000000.0
1978-09-29;296.17942;2.9617942e+11;1000000000.0
1978-10-31;298.81249;2.9881249e+11;1000000000.0
1978-11-30;302.7302;3.027302e+11;1000000000.0
1978-12-29;306.10039;3.0610039e+11;1000000000.0
1979-01-31;309.90309;3.0990309e+11;1000000000.0
1979-02-28;313.52378;3.1352378e+11;1000000000.0
1979-03-30;317.20074;3.1720074e+11;1000000000.0
1979-04-30;320.94487;3.2094487e+11;1000000000.0
1979-05-31;325.17739;3.2517739e+11;1000000000.0
1979-06-29;328.17274;3.2817274e+11;1000000000.0
1979-07-31;331.98999;3.3198999e+11;1000000000.0
1979-08-31;335.78546;3.3578546e+11;1000000000.0
1979-09-28;339.44975;3.3944975e+11;1000000000.0
1979-10-31;343.2513;3.432513e+11;1000000000.0
1979-11-30;346.38941;3.4638941e+11;1000000000.0
1979-12-31;348.58911;3.4858911e+11;1000000000.0
1980-01-31;350.4757;3.504757e+11;1000000000.0
1980-02-29;353.05623;3.5305623e+11;1000000000.0
1980-03-31;353.04211;3.5304211e+11;1000000000.0
1980-04-30;351.28721;3.5128721e+11;1000000000.0
1980-05-30;348.64454;3.4864454e+11;1000000000.0
1980-06-30;346.69696;3.4669696e+11;1000000000.0
1980-07-31;347.07137;3.4707137e+11;1000000000.0
1980-08-29;347.54601;3.4754601e+11;1000000000.0
1980-09-30;348.16314;3.4816314e+11;1000000000.0
1980-10-31;349.59772;3.4959772e+11;1000000000.0
1980-11-28;350.00449;3.5000449e+11;1000000000.0
1980-12-31;351.92005;3.5192005e+11;1000000000.0
1981-01-30;353.02932;3.5302932e+11;1000000000.0
1981-02-27;354.74499;3.5474499e+11;1000000000.0
1981-03-31;357.12713;3.5712713e+11;1000000000.0
1981-04-30;359.13287;3.5913287e+11;1000000000.0
1981-05-29;361.2328;3.612328e+11;1000000000.0
1981-06-30;362.74346;3.6274346e+11;1000000000.0
1981-07-31;364.67773;3.6467773e+11;1000000000.0
1981-08-31;365.15446;3.6515446e+11;1000000000.0
1981-09-30;369.59574;3.6959574e+11;1000000000.0
1981-10-30;370.45671;3.7045671e+11;1000000000.0
1981-11-30;371.75991;3.7175991e+11;1000000000.0
1981-12-31;371.30144;3.7130144e+11;1000000000.0
1982-01-29;375.16736;3.7516736e+11;1000000000.0
1982-02-26;376.37707;3.7637707e+11;1000000000.0
1982-03-31;376.88541;3.7688541e+11;1000000000.0
1982-04-30;378.63428;3.7863428e+11;1000000000.0
1982-05-31;380.4388;3.804388e+11;1000000000.0
1982-06-30;381.98562;3.8198562e+11;1000000000.0
1982-07-30;382.4471;3.824471e+11;1000000000.0
1982-08-31;382.86264;3.8286264e+11;1000000000.0
1982-09-30;384.35525;3.8435525e+11;1000000000.0
1982-10-29;384.96719;3.8496719e+11;1000000000.0
1982-11-30;386.76665;3.8676665e+11;1000000000.0
1982-12-31;389.84874;3.8984874e+11;1000000000.0
1983-01-31;391.82773;3.9182773e+11;1000000000.0
1983-02-28;392.36096;3.9236096e+11;1000000000.0
1983-03-31;395.58305;3.9558305e+11;1000000000.0
1983-04-29;398.42671;3.9842671e+11;1000000000.0
1983-05-31;399.95372;3.9995372e+11;1000000000.0
1983-06-30;404.8326;4.048326e+11;1000000000.0
1983-07-29;409.47521;4.0947521e+11;1000000000.0
1983-08-31;413.99357;4.1399357e+11;1000000000.0
1983-09-30;417.82094;4.1782094e+11;1000000000.0
1983-10-31;423.773;4.23773e+11;1000000000.0
1983-11-30;429.97738;4.2997738e+11;1000000000.0
1983-12-30;437.06886;4.3706886e+11;1000000000.0
1984-01-31;441.99113;4.4199113e+11;1000000000.0
1984-02-29;451.90703;4.5190703e+11;1000000000.0
1984-03-30;456.55016;4.5655016e+11;1000000000.0
1984-04-30;462.14122;4.6214122e+11;1000000000.0
1984-05-31;472.44428;4.7244428e+11;1000000000.0
1984-06-29;480.99454;4.8099454e+11;1000000000.0
1984-07-31;487.1488;4.871488e+11;1000000000.0
1984-08-31;494.11763;4.9411763e+11;1000000000.0
1984-09-28;498.4964;4.984964e+11;1000000000.0
1984-10-31;504.65866;5.0465866e+11;1000000000.0
1984-11-30;510.15408;5.1015408e+11;1000000000.0
1984-12-31;517.27898;5.1727898e+11;1000000000.0
1985-01-31;523.97936;5.2397936e+11;1000000000.0
1985-02-28;532.44843;5.3244843e+11;1000000000.0
1985-03-29;541.75718;5.4175718e+11;1000000000.0
1985-04-30;549.34871;5.4934871e+11;1000000000.0
1985-05-31;555.84205;5.5584205e+11;1000000000.0
1985-06-28;561.2066;5.612066e+11;1000000000.0
1985-07-31;567.653;5.67653e+11;1000000000.0
1985-08-30;573.29931;5.7329931e+11;1000000000.0
1985-09-30;582.14837;5.8214837e+11;1000000000.0
1985-10-31;588.30745;5.8830745e+11;1000000000.0
1985-11-29;594.47775;5.9447775e+11;1000000000.0
1985-12-31;599.71123;5.9971123e+11;1000000000.0
1986-01-31;605.70302;6.0570302e+11;1000000000.0
1986-02-28;610.67829;6.1067829e+11;1000000000.0
1986-03-31;613.37662;6.1337662e+11;1000000000.0
1986-04-30;619.65773;6.1965773e+11;1000000000.0
1986-05-30;625.81996;6.2581996e+11;1000000000.0
1986-06-30;630.05583;6.3005583e+11;1000000000.0
1986-07-31;635.15095;6.3515095e+11;1000000000.0
1986-08-29;638.90439;6.3890439e+11;1000000000.0
1986-09-30;646.02316;6.4602316e+11;1000000000.0
1986-10-31;653.78729;6.5378729e+11;1000000000.0
1986-11-28;653.7673;6.537673e+11;1000000000.0
1986-12-31;654.75024;6.5475024e+11;1000000000.0
1987-01-30;653.26748;6.5326748e+11;1000000000.0
1987-02-27;652.5323;6.525323e+11;1000000000.0
1987-03-31;651.19767;6.5119767e+11;1000000000.0
1987-04-30;656.40142;6.5640142e+11;1000000000.0
1987-05-29;658.47003;6.5847003e+11;1000000000.0
1987-06-30;662.8975;6.628975e+11;1000000000.0
1987-07-31;667.65979;6.6765979e+11;1000000000.0
1987-08-31;672.22514;6.7222514e+11;1000000000.0
1987-09-30;676.21116;6.7621116e+11;1000000000.0
1987-10-30;681.18446;6.8118446e+11;1000000000.0
1987-11-30;684.71004;6.8471004e+11;1000000000.0
1987-12-31;686.31877;6.8631877e+11;1000000000.0
1988-01-29;692.27095;6.9227095e+11;1000000000.0
1988-02-29;696.38729;6.9638729e+11;1000000000.0
1988-03-31;700.7012;7.007012e+11;1000000000.0
1988-04-29;705.86805;7.0586805e+11;1000000000.0
1988-05-31;710.04585;7.1004585e+11;1000000000.0
1988-06-30;713.18919;7.1318919e+11;1000000000.0
1988-07-29;716.11302;7.1611302e+11;1000000000.0
1988-08-31;721.53558;7.2153558e+11;1000000000.0
1988-09-30;722.94769;7.2294769e+11;1000000000.0
1988-10-31;726.10533;7.2610533e+11;1000000000.0
1988-11-30;729.66007;7.2966007e+11;1000000000.0
1988-12-30;731.91776;7.3191776e+11;1000000000.0
1989-01-31;749.02308;7.4902308e+11;1000000000.0
1989-02-28;752.893;7.52893e+11;1000000000.0
1989-03-31;760.01834;7.6001834e+11;1000000000.0
1989-04-28;764.71245;7.6471245e+11;1000000000.0
1989-05-31;769.2757;7.692757e+11;1000000000.0
1989-06-30;773.22711;7.7322711e+11;1000000000.0
1989-07-31;776.26008;7.7626008e+11;1000000000.0
1989-08-31;778.8765;7.788765e+11;1000000000.0
1989-09-29;781.82209;7.8182209e+11;1000000000.0
1989-10-31;785.54565;7.8554565e+11;1000000000.0
1989-11-30;790.29725;7.9029725e+11;1000000000.0
1989-12-29;794.61218;7.9461218e+11;1000000000.0
1990-01-31;797.71486;7.9771486e+11;1000000000.0
1990-02-28;798.77319;7.9877319e+11;1000000000.0
1990-03-30;798.74809;7.9874809e+11;1000000000.0
1990-04-30;798.74701;7.9874701e+11;1000000000.0
1990-05-31;799.75103;7.9975103e+11;1000000000.0
1990-06-29;802.89274;8.0289274e+11;1000000000.0
1990-07-31;806.8875;8.068875e+11;1000000000.0
1990-08-31;808.75857;8.0875857e+11;1000000000.0
1990-09-28;810.43623;8.1043623e+11;1000000000.0
1990-10-31;812.65511;8.1265511e+11;1000000000.0
1990-11-30;813.66266;8.1366266e+11;1000000000.0
1990-12-31;808.23057;8.0823057e+11;1000000000.0
1991-01-31;806.6005;8.066005e+11;1000000000.0
1991-02-28;807.03043;8.0703043e+11;1000000000.0
1991-03-29;808.35183;8.0835183e+11;1000000000.0
1991-04-30;807.81895;8.0781895e+11;1000000000.0
1991-05-31;807.83216;8.0783216e+11;1000000000.0
1991-06-28;805.99466;8.0599466e+11;1000000000.0
1991-07-31;804.02756;8.0402756e+11;1000000000.0
1991-08-30;802.02192;8.0202192e+11;1000000000.0
1991-09-30;800.88934;8.0088934e+11;1000000000.0
1991-10-31;798.61698;7.9861698e+11;1000000000.0
1991-11-29;798.27498;7.9827498e+11;1000000000.0
1991-12-31;798.02897;7.9802897e+11;1000000000.0
1992-01-31;798.98271;7.9898271e+11;1000000000.0
1992-02-28;799.64038;7.9964038e+11;1000000000.0
1992-03-31;799.44211;7.9944211e+11;1000000000.0
1992-04-30;797.65814;7.9765814e+11;1000000000.0
1992-05-29;797.6679;7.976679e+11;1000000000.0
1992-06-30;797.27631;7.9727631e+11;1000000000.0
1992-07-31;798.06816;7.9806816e+11;1000000000.0
1992-08-31;799.8238;7.998238e+11;1000000000.0
1992-09-30;800.1989;8.001989e+11;1000000000.0
1992-10-30;799.55599;7.9955599e+11;1000000000.0
1992-11-30;802.69798;8.0269798e+11;1000000000.0
1992-12-31;806.11869;8.0611869e+11;1000000000.0
1993-01-29;809.32543;8.0932543e+11;1000000000.0
1993-02-26;814.05892;8.1405892e+11;1000000000.0
1993-03-31;813.65629;8.1365629e+11;1000000000.0
1993-04-30;819.75694;8.1975694e+11;1000000000.0
1993-05-31;819.75905;8.1975905e+11;1000000000.0
1993-06-30;823.81181;8.2381181e+11;1000000000.0
1993-07-30;829.51873;8.2951873e+11;1000000000.0
1993-08-31;834.23553;8.3423553e+11;1000000000.0
1993-09-30;840.60298;8.4060298e+11;1000000000.0
1993-10-29;847.61663;8.4761663e+11;1000000000.0
1993-11-30;856.52342;8.5652342e+11;1000000000.0
1993-12-31;865.65058;8.6565058e+11;1000000000.0
1994-01-31;872.02182;8.7202182e+11;1000000000.0
1994-02-28;880.35286;8.8035286e+11;1000000000.0
1994-03-31;891.33316;8.9133316e+11;1000000000.0
1994-04-29;900.98953;9.0098953e+11;1000000000.0
1994-05-31;912.8637;9.128637e+11;1000000000.0
1994-06-30;924.21602;9.2421602e+11;1000000000.0
1994-07-29;931.13474;9.3113474e+11;1000000000.0
1994-08-31;944.80317;9.4480317e+11;1000000000.0
1994-09-30;957.3756;9.573756e+11;1000000000.0
1994-10-31;968.46871;9.6846871e+11;1000000000.0
1994-11-30;981.42611;9.8142611e+11;1000000000.0
1994-12-30;997.30174;9.9730174e+11;1000000000.0
1995-01-31;1010.39504;1.01039504e+12;1000000000.0
1995-02-28;1018.55911;1.01855911e+12;1000000000.0
1995-03-31;1033.63209;1.03363209e+12;1000000000.0
1995-04-28;1043.69517;1.04369517e+12;1000000000.0
1995-05-31;1057.47083;1.05747083e+12;1000000000.0
1995-06-30;1069.37791;1.06937791e+12;1000000000.0
1995-07-31;1077.737;1.077737e+12;1000000000.0
1995-08-31;1089.60205;1.08960205e+12;1000000000.0
1995-09-29;1106.61268;1.10661268e+12;1000000000.0
1995-10-31;1113.52851;1.11352851e+12;1000000000.0
1995-11-30;1132.16017;1.13216017e+12;1000000000.0
1995-12-29;1140.74436;1.14074436e+12;1000000000.0
1996-01-31;1153.2703;1.1532703e+12;1000000000.0
1996-02-29;1163.09378;1.16309378e+12;1000000000.0
1996-03-29;1171.68426;1.17168426e+12;1000000000.0
1996-04-30;1180.9031;1.1809031e+12;1000000000.0
1996-05-31;1191.11369;1.19111369e+12;1000000000.0
1996-06-28;1200.95002;1.20095002e+12;1000000000.0
1996-07-31;1211.89736;1.21189736e+12;1000000000.0
1996-08-30;1220.503;1.220503e+12;1000000000.0
1996-09-30;1225.27176;1.22527176e+12;1000000000.0
1996-10-31;1231.3361;1.2313361e+12;1000000000.0
1996-11-29;1242.42191;1.24242191e+12;1000000000.0
1996-12-31;1253.43709;1.25343709e+12;1000000000.0
1997-01-31;1258.36528;1.25836528e+12;1000000000.0
1997-02-28;1261.85081;1.26185081e+12;1000000000.0
1997-03-31;1264.14634;1.26414634e+12;1000000000.0
1997-04-30;1274.08738;1.27408738e+12;1000000000.0
1997-05-30;1278.67842;1.27867842e+12;1000000000.0
1997-06-30;1282.85852;1.28285852e+12;1000000000.0
1997-07-31;1288.78203;1.28878203e+12;1000000000.0
1997-08-29;1294.21924;1.29421924e+12;1000000000.0
1997-09-30;1301.63497;1.30163497e+12;1000000000.0
1997-10-31;1309.38939;1.30938939e+12;1000000000.0
1997-11-28;1312.45718;1.31245718e+12;1000000000.0
1997-12-31;1324.75733;1.32475733e+12;1000000000.0
1998-01-30;1320.04402;1.32004402e+12;1000000000.0
1998-02-27;1324.34272;1.32434272e+12;1000000000.0
1998-03-31;1332.90344;1.33290344e+12;1000000000.0
1998-04-30;1360.45629;1.36045629e+12;1000000000.0
1998-05-29;1363.08086;1.36308086e+12;1000000000.0
1998-06-30;1373.94233;1.37394233e+12;1000000000.0
1998-07-31;1380.72085;1.38072085e+12;1000000000.0
1998-08-31;1386.66645;1.38666645e+12;1000000000.0
1998-09-30;1397.28973;1.39728973e+12;1000000000.0
1998-10-30;1405.39666;1.40539666e+12;1000000000.0
1998-11-30;1408.44269;1.40844269e+12;1000000000.0
1998-12-31;1420.99644;1.42099644e+12;1000000000.0
1999-01-29;1431.23693;1.43123693e+12;1000000000.0
1999-02-26;1441.31459;1.44131459e+12;1000000000.0
1999-03-31;1450.87882;1.45087882e+12;1000000000.0
1999-04-30;1457.67057;1.45767057e+12;1000000000.0
1999-05-31;1468.14661;1.46814661e+12;1000000000.0
1999-06-30;1479.31532;1.47931532e+12;1000000000.0
1999-07-30;1492.3776;1.4923776e+12;1000000000.0
1999-08-31;1503.22661;1.50322661e+12;1000000000.0
1999-09-30;1511.05926;1.51105926e+12;1000000000.0
1999-10-29;1517.28183;1.51728183e+12;1000000000.0
1999-11-30;1525.33442;1.52533442e+12;1000000000.0
1999-12-31;1531.10596;1.53110596e+12;1000000000.0
2000-01-31;1538.52018;1.53852018e+12;1000000000.0
2000-02-29;1549.18529;1.54918529e+12;1000000000.0
2000-03-31;1561.45069;1.56145069e+12;1000000000.0
2000-04-28;1570.52774;1.57052774e+12;1000000000.0
2000-05-31;1583.50792;1.58350792e+12;1000000000.0
2000-06-30;1609.54804;1.60954804e+12;1000000000.0
2000-07-31;1629.75144;1.62975144e+12;1000000000.0
2000-08-31;1651.6154;1.6516154e+12;1000000000.0
2000-09-29;1669.00081;1.66900081e+12;1000000000.0
2000-10-31;1684.59932;1.68459932e+12;1000000000.0
2000-11-30;1700.94454;1.70094454e+12;1000000000.0
2000-12-29;1716.96972;1.71696972e+12;1000000000.0
2001-01-31;1729.85168;1.72985168e+12;1000000000.0
2001-02-28;1748.70202;1.74870202e+12;1000000000.0
2001-03-30;1760.54184;1.76054184e+12;1000000000.0
2001-04-30;1773.09833;1.77309833e+12;1000000000.0
2001-05-31;1781.17746;1.78117746e+12;1000000000.0
2001-06-29;1792.36809;1.79236809e+12;1000000000.0
2001-07-31;1797.35057;1.79735057e+12;1000000000.0
2001-08-31;1806.35904;1.80635904e+12;1000000000.0
2001-09-28;1814.25238;1.81425238e+12;1000000000.0
2001-10-31;1829.84026;1.82984026e+12;1000000000.0
2001-11-30;1857.84279;1.85784279e+12;1000000000.0
2001-12-31;1867.85287;1.86785287e+12;1000000000.0
2002-01-31;1867.41869;1.86741869e+12;1000000000.0
2002-02-28;1881.90537;1.88190537e+12;1000000000.0
2002-03-29;1894.69033;1.89469033e+12;1000000000.0
2002-04-30;1903.95799;1.90395799e+12;1000000000.0
2002-05-31;1914.61399;1.91461399e+12;1000000000.0
2002-06-28;1927.18098;1.92718098e+12;1000000000.0
2002-07-31;1939.2114;1.9392114e+12;1000000000.0
2002-08-30;1947.50009;1.94750009e+12;1000000000.0
2002-09-30;1950.65139;1.95065139e+12;1000000000.0
2002-10-31;1957.1513;1.9571513e+12;1000000000.0
2002-11-29;1965.17913;1.96517913e+12;1000000000.0
2002-12-31;1972.11221;1.97211221e+12;1000000000.0
2003-01-31;1982.56131;1.98256131e+12;1000000000.0
2003-02-28;1993.40569;1.99340569e+12;1000000000.0
2003-03-31;2001.20815;2.00120815e+12;1000000000.0
2003-04-30;2014.09978;2.01409978e+12;1000000000.0
2003-05-30;2027.50251;2.02750251e+12;1000000000.0
2003-06-30;2033.26841;2.03326841e+12;1000000000.0
2003-07-31;2040.06439;2.04006439e+12;1000000000.0
2003-08-29;2049.12434;2.04912434e+12;1000000000.0
2003-09-30;2057.09079;2.05709079e+12;1000000000.0
2003-10-31;2065.4951;2.0654951e+12;1000000000.0
2003-11-28;2066.40009;2.06640009e+12;1000000000.0
2003-12-31;2077.36069;2.07736069e+12;1000000000.0
2004-01-30;2088.24304;2.08824304e+12;1000000000.0
2004-02-27;2095.34036;2.09534036e+12;1000000000.0
2004-03-31;2109.72032;2.10972032e+12;1000000000.0
2004-04-30;2112.71615;2.11271615e+12;1000000000.0
2004-05-31;2120.83915;2.12083915e+12;1000000000.0
2004-06-30;2127.98941;2.12798941e+12;1000000000.0
2004-07-30;2137.09298;2.13709298e+12;1000000000.0
2004-08-31;2143.43512;2.14343512e+12;1000000000.0
2004-09-30;2160.1483;2.1601483e+12;1000000000.0
2004-10-29;2176.71934;2.17671934e+12;1000000000.0
2004-11-30;2183.74635;2.18374635e+12;1000000000.0
2004-12-31;2192.24617;2.19224617e+12;1000000000.0
2005-01-31;2196.77763;2.19677763e+12;1000000000.0
2005-02-28;2211.55871;2.21155871e+12;1000000000.0
2005-03-31;2220.19919;2.22019919e+12;1000000000.0
2005-04-29;2232.53538;2.23253538e+12;1000000000.0
2005-05-31;2232.67152;2.23267152e+12;1000000000.0
2005-06-30;2247.83343;2.24783343e+12;1000000000.0
2005-07-29;2257.23094;2.25723094e+12;1000000000.0
2005-08-31;2267.04488;2.26704488e+12;1000000000.0
2005-09-30;2271.63328;2.27163328e+12;1000000000.0
2005-10-31;2276.84314;2.27684314e+12;1000000000.0
2005-11-30;2283.66127;2.28366127e+12;1000000000.0
2005-12-30;2290.92813;2.29092813e+12;1000000000.0
2006-01-31;2367.47108;2.36747108e+12;1000000000.0
2006-02-28;2374.97732;2.37497732e+12;1000000000.0
2006-03-31;2385.80789;2.38580789e+12;1000000000.0
2006-04-28;2397.6806;2.3976806e+12;1000000000.0
2006-05-31;2407.16145;2.40716145e+12;1000000000.0
2006-06-30;2395.81318;2.39581318e+12;1000000000.0
2006-07-31;2403.09925;2.40309925e+12;1000000000.0
2006-08-31;2415.73203;2.41573203e+12;1000000000.0
2006-09-29;2426.81323;2.42681323e+12;1000000000.0
2006-10-31;2429.39986;2.42939986e+12;1000000000.0
2006-11-30;2440.74907;2.44074907e+12;1000000000.0
2006-12-29;2456.7157;2.4567157e+12;1000000000.0
2007-01-31;2463.63065;2.46363065e+12;1000000000.0
2007-02-28;2474.95351;2.47495351e+12;1000000000.0
2007-03-30;2488.29617;2.48829617e+12;1000000000.0
2007-04-30;2496.62981;2.49662981e+12;1000000000.0
2007-05-31;2512.48911;2.51248911e+12;1000000000.0
2007-06-29;2522.99573;2.52299573e+12;1000000000.0
2007-07-31;2538.35783;2.53835783e+12;1000000000.0
2007-08-31;2556.72261;2.55672261e+12;1000000000.0
2007-09-28;2571.12781;2.57112781e+12;1000000000.0
2007-10-31;2586.42937;2.58642937e+12;1000000000.0
2007-11-30;2600.42736;2.60042736e+12;1000000000.0
2007-12-31;2609.87953;2.60987953e+12;1000000000.0
2008-01-31;2626.31082;2.62631082e+12;1000000000.0
2008-02-29;2639.82815;2.63982815e+12;1000000000.0
2008-03-31;2649.57895;2.64957895e+12;1000000000.0
2008-04-30;2658.24755;2.65824755e+12;1000000000.0
2008-05-30;2661.33591;2.66133591e+12;1000000000.0
2008-06-30;2665.61341;2.66561341e+12;1000000000.0
2008-07-31;2668.44815;2.66844815e+12;1000000000.0
2008-08-29;2663.64284;2.66364284e+12;1000000000.0
2008-09-30;2659.133;2.659133e+12;1000000000.0
2008-10-31;2662.78452;2.66278452e+12;1000000000.0
2008-11-28;2652.79904;2.65279904e+12;1000000000.0
2008-12-31;2644.18396;2.64418396e+12;1000000000.0
2009-01-30;2652.97792;2.65297792e+12;1000000000.0
2009-02-27;2641.12095;2.64112095e+12;1000000000.0
2009-03-31;2624.13843;2.62413843e+12;1000000000.0
2009-04-30;2615.72665;2.61572665e+12;1000000000.0
2009-05-29;2609.8778;2.6098778e+12;1000000000.0
2009-06-30;2592.51301;2.59251301e+12;1000000000.0
2009-07-31;2589.35263;2.58935263e+12;1000000000.0
2009-08-31;2579.991;2.579991e+12;1000000000.0
2009-09-30;2574.61313;2.57461313e+12;1000000000.0
2009-10-30;2562.01407;2.56201407e+12;1000000000.0
2009-11-30;2551.45946;2.55145946e+12;1000000000.0
2009-12-31;2555.38963;2.55538963e+12;1000000000.0
2010-01-29;2546.70599;2.54670599e+12;1000000000.0
2010-02-26;2533.19994;2.53319994e+12;1000000000.0
2010-03-31;2537.81041;2.53781041e+12;1000000000.0
2010-04-30;2533.57317;2.53357317e+12;1000000000.0
2010-05-31;2524.61838;2.52461838e+12;1000000000.0
2010-06-30;2520.86998;2.52086998e+12;1000000000.0
2010-07-30;2518.54778;2.51854778e+12;1000000000.0
2010-08-31;2518.75566;2.51875566e+12;1000000000.0
2010-09-30;2520.12878;2.52012878e+12;1000000000.0
2010-10-29;2530.95127;2.53095127e+12;1000000000.0
2010-11-30;2530.45838;2.53045838e+12;1000000000.0
2010-12-31;2647.20325;2.64720325e+12;1000000000.0
2011-01-31;2655.42305;2.65542305e+12;1000000000.0
2011-02-28;2662.54367;2.66254367e+12;1000000000.0
2011-03-31;2672.77999;2.67277999e+12;1000000000.0
2011-04-29;2677.86352;2.67786352e+12;1000000000.0
2011-05-31;2685.91756;2.68591756e+12;1000000000.0
2011-06-30;2695.36457;2.69536457e+12;1000000000.0
2011-07-29;2717.01615;2.71701615e+12;1000000000.0
2011-08-31;2710.03167;2.71003167e+12;1000000000.0
2011-09-30;2720.45695;2.72045695e+12;1000000000.0
2011-10-31;2730.10537;2.73010537e+12;1000000000.0
2011-11-30;2746.89911;2.74689911e+12;1000000000.0
2011-12-30;2758.26682;2.75826682e+12;1000000000.0
2012-01-31;2771.9215;2.7719215e+12;1000000000.0
2012-02-29;2777.91853;2.77791853e+12;1000000000.0
2012-03-30;2791.40041;2.79140041e+12;1000000000.0
2012-04-30;2804.16832;2.80416832e+12;1000000000.0
2012-05-31;2824.18485;2.82418485e+12;1000000000.0
2012-06-29;2836.99897;2.83699897e+12;1000000000.0
2012-07-31;2843.92483;2.84392483e+12;1000000000.0
2012-08-31;2862.29944;2.86229944e+12;1000000000.0
2012-09-28;2873.26083;2.87326083e+12;1000000000.0
2012-10-31;2891.76191;2.89176191e+12;1000000000.0
2012-11-30;2907.95455;2.90795455e+12;1000000000.0
2012-12-31;2920.35406;2.92035406e+12;1000000000.0
2013-01-31;2937.60213;2.93760213e+12;1000000000.0
2013-02-28;2956.26227;2.95626227e+12;1000000000.0
2013-03-29;2965.72731;2.96572731e+12;1000000000.0
2013-04-30;2976.25295;2.97625295e+12;1000000000.0
2013-05-31;2992.38729;2.99238729e+12;1000000000.0
2013-06-28;3003.45491;3.00345491e+12;1000000000.0
2013-07-31;3017.34622;3.01734622e+12;1000000000.0
2013-08-30;3034.39976;3.03439976e+12;1000000000.0
2013-09-30;3051.93335;3.05193335e+12;1000000000.0
2013-10-31;3070.42174;3.07042174e+12;1000000000.0
2013-11-29;3080.3218;3.0803218e+12;1000000000.0
2013-12-31;3096.19883;3.09619883e+12;1000000000.0
2014-01-31;3113.77425;3.11377425e+12;1000000000.0
2014-02-28;3129.41585;3.12941585e+12;1000000000.0
2014-03-31;3148.52759;3.14852759e+12;1000000000.0
2014-04-30;3172.75041;3.17275041e+12;1000000000.0
2014-05-30;3191.90982;3.19190982e+12;1000000000.0
2014-06-30;3208.64589;3.20864589e+12;1000000000.0
2014-07-31;3229.96844;3.22996844e+12;1000000000.0
2014-08-29;3247.89993;3.24789993e+12;1000000000.0
2014-09-30;3265.26849;3.26526849e+12;1000000000.0
2014-10-31;3282.95747;3.28295747e+12;1000000000.0
2014-11-28;3300.82935;3.30082935e+12;1000000000.0
2014-12-31;3317.99106;3.31799106e+12;1000000000.0
2015-01-30;3331.23352;3.33123352e+12;1000000000.0
2015-02-27;3346.26545;3.34626545e+12;1000000000.0
2015-03-31;3368.95901;3.36895901e+12;1000000000.0
2015-04-30;3390.59825;3.39059825e+12;1000000000.0
2015-05-29;3409.44207;3.40944207e+12;1000000000.0
2015-06-30;3435.61732;3.43561732e+12;1000000000.0
2015-07-31;3453.42813;3.45342813e+12;1000000000.0
2015-08-31;3469.07874;3.46907874e+12;1000000000.0
2015-09-30;3496.64327;3.49664327e+12;1000000000.0
2015-10-30;3513.05672;3.51305672e+12;1000000000.0
2015-11-30;3529.04201;3.52904201e+12;1000000000.0
2015-12-31;3535.45139;3.53545139e+12;1000000000.0
2016-01-29;3550.34848;3.55034848e+12;1000000000.0
2016-02-29;3567.56507;3.56756507e+12;1000000000.0
