USPENONFO;ES;ESA;ESMAG
2001-04-15;111600.0;111600000;1000
2001-05-15;111413.9;111413870;1000
2001-06-15;111242.0;111241950;1000
2001-07-15;111074.1;111074050;1000
2001-08-15;110854.9;110854900;1000
2001-09-15;110632.3;110632330;1000
2001-10-15;110218.6;110218630;1000
2001-11-15;109831.6;109831610;1000
2001-12-15;109573.0;109572970;1000
2002-01-15;109438.6;109438560;1000
2002-02-15;109335.4;109335390;1000
2002-03-15;109282.0;109282000;1000
2002-04-15;109214.2;109214180;1000
2002-05-15;109167.5;109167510;1000
2002-06-15;109071.0;109071030;1000
2002-07-15;108980.2;108980210;1000
2002-08-15;108948.1;108948140;1000
2002-09-15;108879.7;108879650;1000
2002-10-15;108884.8;108884830;1000
2002-11-15;108885.9;108885860;1000
2002-12-15;108874.3;108874330;1000
2003-01-15;108776.4;108776350;1000
2003-02-15;108707.6;108707600;1000
2003-03-15;108628.0;108628000;1000
2003-04-15;108558.1;108558060;1000
2003-05-15;108528.1;108528130;1000
2003-06-15;108516.6;108516630;1000
2003-07-15;108570.9;108570880;1000
2003-08-15;108659.1;108659130;1000
2003-09-15;108790.1;108790080;1000
2003-10-15;108931.3;108931260;1000
2003-11-15;108982.6;108982630;1000
2003-12-15;109067.2;109067220;1000
2004-01-15;109208.0;109208020;1000
2004-02-15;109391.4;109391350;1000
2004-03-15;109570.0;109570000;1000
2004-04-15;109779.4;109779360;1000
2004-05-15;109949.5;109949540;1000
2004-06-15;110159.9;110159870;1000
2004-07-15;110300.0;110299950;1000
2004-08-15;110403.9;110403870;1000
2004-09-15;110528.9;110528860;1000
2004-10-15;110734.3;110734270;1000
2004-11-15;110770.0;110770020;1000
2004-12-15;110899.9;110899910;1000
2005-01-15;111036.4;111036400;1000
2005-02-15;111198.3;111198300;1000
2005-03-15;111429.0;111429000;1000
2005-04-15;111616.6;111616620;1000
2005-05-15;111864.3;111864260;1000
2005-06-15;112052.1;112052130;1000
2005-07-15;112271.7;112271710;1000
2005-08-15;112514.9;112514850;1000
2005-09-15;112721.4;112721430;1000
2005-10-15;112872.4;112872380;1000
2005-11-15;113151.3;113151250;1000
2005-12-15;113305.9;113305850;1000
2006-01-15;113556.7;113556740;1000
2006-02-15;113913.3;113913300;1000
2006-03-15;114146.0;114146000;1000
2006-04-15;114299.1;114299140;1000
2006-05-15;114450.0;114449950;1000
2006-06-15;114582.7;114582680;1000
2006-07-15;114726.6;114726560;1000
2006-08-15;114875.3;114875290;1000
2006-09-15;114916.3;114916310;1000
2006-10-15;115026.4;115026370;1000
2006-11-15;115198.6;115198600;1000
2006-12-15;115214.4;115214390;1000
2007-01-15;115381.3;115381260;1000
2007-02-15;115547.4;115547350;1000
2007-03-15;115636.0;115636000;1000
2007-04-15;115746.9;115746880;1000
2007-05-15;115775.0;115774970;1000
2007-06-15;115890.4;115890370;1000
2007-07-15;115884.5;115884520;1000
2007-08-15;115878.7;115878660;1000
2007-09-15;115826.3;115826330;1000
2007-10-15;115822.1;115822130;1000
2007-11-15;115925.9;115925940;1000
2007-12-15;115919.3;115919320;1000
2008-01-15;115944.1;115944130;1000
2008-02-15;115912.0;115911960;1000
2008-03-15;115825.0;115825000;1000
2008-04-15;115624.6;115624630;1000
2008-05-15;115417.5;115417500;1000
2008-06-15;115149.5;115149450;1000
2008-07-15;114852.8;114852750;1000
2008-08-15;114543.5;114543500;1000
2008-09-15;114175.8;114175830;1000
2008-10-15;113763.3;113763260;1000
2008-11-15;113133.7;113133690;1000
2008-12-15;112384.8;112384810;1000
2009-01-15;111614.9;111614870;1000
2009-02-15;110733.7;110733690;1000
2009-03-15;109967.0;109967000;1000
2009-04-15;109338.9;109338900;1000
2009-05-15;108827.6;108827630;1000
2009-06-15;108445.0;108445030;1000
2009-07-15;108141.3;108141270;1000
2009-08-15;107927.8;107927760;1000
2009-09-15;107768.9;107768890;1000
2009-10-15;107654.9;107654930;1000
2009-11-15;107493.2;107493180;1000
2009-12-15;107396.4;107396430;1000
2010-01-15;107348.3;107348320;1000
2010-02-15;107360.3;107360310;1000
2010-03-15;107378.0;107378000;1000
2010-04-15;107483.9;107483860;1000
2010-05-15;107663.8;107663750;1000
2010-06-15;107765.3;107765320;1000
2010-07-15;107863.5;107863540;1000
2010-08-15;107958.9;107958930;1000
2010-09-15;108054.3;108054250;1000
2010-10-15;108208.2;108208150;1000
2010-11-15;108379.0;108378970;1000
2010-12-15;108465.5;108465450;1000
2011-01-15;108662.3;108662260;1000
2011-02-15;108820.7;108820650;1000
2011-03-15;109103.0;109103000;1000
2011-04-15;109333.5;109333520;1000
2011-05-15;109572.6;109572580;1000
2011-06-15;109742.7;109742720;1000
2011-07-15;109930.1;109930080;1000
2011-08-15;110130.0;110129970;1000
2011-09-15;110474.3;110474340;1000
2011-10-15;110603.6;110603620;1000
2011-11-15;110864.5;110864540;1000
2011-12-15;111061.7;111061710;1000
2012-01-15;111304.2;111304200;1000
2012-02-15;111630.1;111630080;1000
2012-03-15;111818.0;111818000;1000
2012-04-15;112008.5;112008490;1000
2012-05-15;112139.2;112139150;1000
2012-06-15;112219.7;112219660;1000
2012-07-15;112386.4;112386390;1000
2012-08-15;112558.8;112558820;1000
2012-09-15;112728.6;112728580;1000
2012-10-15;112918.0;112917970;1000
2012-11-15;113131.8;113131780;1000
2012-12-15;113276.1;113276130;1000
2013-01-15;113457.6;113457550;1000
2013-02-15;113713.8;113713810;1000
2013-03-15;113842.0;113842000;1000
2013-04-15;113960.2;113960190;1000
2013-05-15;114129.3;114129330;1000
2013-06-15;114325.2;114325190;1000
2013-07-15;114581.2;114581200;1000
2013-08-15;114767.8;114767790;1000
2013-09-15;114998.5;114998470;1000
2013-10-15;115186.8;115186820;1000
2013-11-15;115397.7;115397670;1000
2013-12-15;115601.8;115601840;1000
2014-01-15;115777.1;115777100;1000
2014-02-15;115985.8;115985800;1000
2014-03-15;116186.0;116186000;1000
2014-04-15;116439.6;116439610;1000
2014-05-15;116706.8;116706760;1000
2014-06-15;116983.4;116983370;1000
2014-07-15;117204.7;117204670;1000
2014-08-15;117426.1;117426140;1000
2014-09-15;117634.9;117634920;1000
2014-10-15;117863.4;117863430;1000
2014-11-15;118132.1;118132110;1000
2014-12-15;118407.7;118407690;1000
2015-01-15;118615.4;118615370;1000
2015-02-15;118826.6;118826610;1000
2015-03-15;119011.0;119011000;1000
2015-04-15;119202.0;119201950;1000
2015-05-15;119393.9;119393940;1000
2015-06-15;119701.1;119701120;1000
2015-07-15;119859.1;119859120;1000
2015-08-15;120060.4;120060360;1000
2015-09-15;120231.1;120231120;1000
2015-10-15;120409.0;120408990;1000
2015-11-15;120601.8;120601760;1000
2015-12-15;120888.8;120888810;1000
2016-01-15;121081.7;121081700;1000
2016-02-15;121287.0;121286990;1000
2016-03-15;121487.0;121487040;1000
