USUMINM1R;ES;ESA;ESMAG
1978-01-15;5.2;5.2;1
1978-02-15;6.4;6.4;1
1978-03-15;6.3;6.3;1
1978-04-15;6.7;6.7;1
1978-05-15;6.9;6.9;1
1978-06-15;6.5;6.5;1
1978-07-15;6.6;6.6;1
1978-08-15;8.7;8.7;1
1978-09-15;6.9;6.9;1
1978-10-15;7.4;7.4;1
1978-11-15;7.5;7.5;1
1978-12-15;7.3;7.3;1
1979-01-15;7.8;7.8;1
1979-02-15;9.3;9.3;1
1979-03-15;8.8;8.8;1
1979-04-15;9.7;9.7;1
1979-05-15;9.8;9.8;1
1979-06-15;9.9;9.9;1
1979-07-15;9.9;9.9;1
1979-08-15;9.9;9.9;1
1979-09-15;9.6;9.6;1
1979-10-15;9.0;9.0;1
1979-11-15;10.0;10.0;1
1979-12-15;9.9;9.9;1
1980-01-15;10.4;10.4;1
1980-02-15;10.0;10.0;1
1980-03-15;10.2;10.2;1
1980-04-15;10.1;10.1;1
1980-05-15;8.6;8.6;1
1980-06-15;8.5;8.5;1
1980-07-15;9.6;9.6;1
1980-08-15;7.6;7.6;1
1980-09-15;9.1;9.1;1
1980-10-15;9.6;9.6;1
1980-11-15;8.6;8.6;1
1980-12-15;9.7;9.7;1
1981-01-15;9.5;9.5;1
1981-02-15;8.6;8.6;1
1981-03-15;7.2;7.2;1
1981-04-15;8.0;8.0;1
1981-05-15;7.3;7.3;1
1981-06-15;7.1;7.1;1
1981-07-15;6.8;6.8;1
1981-08-15;5.8;5.8;1
1981-09-15;6.9;6.9;1
1981-10-15;6.7;6.7;1
1981-11-15;7.3;7.3;1
1981-12-15;5.3;5.3;1
1982-01-15;5.1;5.1;1
1982-02-15;5.2;5.2;1
1982-03-15;4.2;4.2;1
1982-04-15;4.7;4.7;1
1982-05-15;3.5;3.5;1
1982-06-15;4.6;4.6;1
1982-07-15;5.0;5.0;1
1982-08-15;4.8;4.8;1
1982-09-15;4.5;4.5;1
1982-10-15;4.7;4.7;1
1982-11-15;4.5;4.5;1
1982-12-15;3.7;3.7;1
1983-01-15;2.8;2.8;1
1983-02-15;3.0;3.0;1
1983-03-15;1.8;1.8;1
1983-04-15;3.4;3.4;1
1983-05-15;3.2;3.2;1
1983-06-15;3.2;3.2;1
1983-07-15;3.2;3.2;1
1983-08-15;3.3;3.3;1
1983-09-15;3.3;3.3;1
1983-10-15;3.7;3.7;1
1983-11-15;3.5;3.5;1
1983-12-15;3.5;3.5;1
1984-01-15;3.2;3.2;1
1984-02-15;3.3;3.3;1
1984-03-15;3.4;3.4;1
1984-04-15;3.9;3.9;1
1984-05-15;4.2;4.2;1
1984-06-15;4.2;4.2;1
1984-07-15;3.4;3.4;1
1984-08-15;3.0;3.0;1
1984-09-15;3.0;3.0;1
1984-10-15;3.5;3.5;1
1984-11-15;3.4;3.4;1
1984-12-15;3.3;3.3;1
1985-01-15;2.9;2.9;1
1985-02-15;3.1;3.1;1
1985-03-15;3.0;3.0;1
1985-04-15;3.3;3.3;1
1985-05-15;3.2;3.2;1
1985-06-15;3.4;3.4;1
1985-07-15;2.8;2.8;1
1985-08-15;2.8;2.8;1
1985-09-15;2.9;2.9;1
1985-10-15;3.3;3.3;1
1985-11-15;3.1;3.1;1
1985-12-15;3.5;3.5;1
1986-01-15;2.9;2.9;1
1986-02-15;2.8;2.8;1
1986-03-15;2.3;2.3;1
1986-04-15;2.4;2.4;1
1986-05-15;2.7;2.7;1
1986-06-15;2.9;2.9;1
1986-07-15;2.8;2.8;1
1986-08-15;3.0;3.0;1
1986-09-15;2.9;2.9;1
1986-10-15;3.2;3.2;1
1986-11-15;2.8;2.8;1
1986-12-15;3.0;3.0;1
1987-01-15;2.9;2.9;1
1987-02-15;3.1;3.1;1
1987-03-15;3.0;3.0;1
1987-04-15;3.0;3.0;1
1987-05-15;3.4;3.4;1
1987-06-15;3.3;3.3;1
1987-07-15;3.1;3.1;1
1987-08-15;3.2;3.2;1
1987-09-15;3.0;3.0;1
1987-10-15;3.3;3.3;1
1987-11-15;3.2;3.2;1
1987-12-15;3.1;3.1;1
1988-01-15;3.2;3.2;1
1988-02-15;3.1;3.1;1
1988-03-15;3.2;3.2;1
1988-04-15;3.3;3.3;1
1988-05-15;3.3;3.3;1
1988-06-15;3.7;3.7;1
1988-07-15;4.6;4.6;1
1988-08-15;4.4;4.4;1
1988-09-15;3.9;3.9;1
1988-10-15;3.9;3.9;1
1988-11-15;3.7;3.7;1
1988-12-15;3.9;3.9;1
1989-01-15;3.5;3.5;1
1989-02-15;4.1;4.1;1
1989-03-15;3.7;3.7;1
1989-04-15;4.3;4.3;1
1989-05-15;4.6;4.6;1
1989-06-15;3.8;3.8;1
1989-07-15;4.1;4.1;1
1989-08-15;3.5;3.5;1
1989-09-15;3.4;3.4;1
1989-10-15;3.6;3.6;1
1989-11-15;3.5;3.5;1
1989-12-15;3.5;3.5;1
1990-01-15;4.1;4.1;1
1990-02-15;4.1;4.1;1
1990-03-15;3.7;3.7;1
1990-04-15;3.6;3.6;1
1990-05-15;3.4;3.4;1
1990-06-15;3.8;3.8;1
1990-07-15;3.4;3.4;1
1990-08-15;4.6;4.6;1
1990-09-15;4.7;4.7;1
1990-10-15;4.8;4.8;1
1990-11-15;4.7;4.7;1
1990-12-15;4.7;4.7;1
1991-01-15;3.9;3.9;1
1991-02-15;3.4;3.4;1
1991-03-15;3.3;3.3;1
1991-04-15;3.2;3.2;1
1991-05-15;3.1;3.1;1
1991-06-15;3.3;3.3;1
1991-07-15;3.1;3.1;1
1991-08-15;3.2;3.2;1
1991-09-15;3.0;3.0;1
1991-10-15;3.2;3.2;1
1991-11-15;2.9;2.9;1
1991-12-15;2.7;2.7;1
1992-01-15;2.7;2.7;1
1992-02-15;2.6;2.6;1
1992-03-15;2.6;2.6;1
1992-04-15;3.0;3.0;1
1992-05-15;2.9;2.9;1
1992-06-15;3.1;3.1;1
1992-07-15;2.7;2.7;1
1992-08-15;2.8;2.8;1
1992-09-15;3.0;3.0;1
1992-10-15;2.8;2.8;1
1992-11-15;2.9;2.9;1
1992-12-15;2.8;2.8;1
1993-01-15;2.9;2.9;1
1993-02-15;3.2;3.2;1
1993-03-15;3.1;3.1;1
1993-04-15;3.0;3.0;1
1993-05-15;2.9;2.9;1
1993-06-15;3.5;3.5;1
1993-07-15;3.0;3.0;1
1993-08-15;3.2;3.2;1
1993-09-15;3.0;3.0;1
1993-10-15;3.3;3.3;1
1993-11-15;2.8;2.8;1
1993-12-15;3.0;3.0;1
1994-01-15;2.8;2.8;1
1994-02-15;2.8;2.8;1
1994-03-15;3.0;3.0;1
1994-04-15;3.0;3.0;1
1994-05-15;3.1;3.1;1
1994-06-15;2.7;2.7;1
1994-07-15;2.9;2.9;1
1994-08-15;3.1;3.1;1
1994-09-15;3.4;3.4;1
1994-10-15;3.0;3.0;1
1994-11-15;3.2;3.2;1
1994-12-15;3.0;3.0;1
1995-01-15;3.0;3.0;1
1995-02-15;3.0;3.0;1
1995-03-15;3.2;3.2;1
1995-04-15;3.3;3.3;1
1995-05-15;3.0;3.0;1
1995-06-15;2.9;2.9;1
1995-07-15;2.9;2.9;1
1995-08-15;2.9;2.9;1
1995-09-15;2.8;2.8;1
1995-10-15;2.9;2.9;1
1995-11-15;2.8;2.8;1
1995-12-15;2.7;2.7;1
1996-01-15;2.8;2.8;1
1996-02-15;2.8;2.8;1
1996-03-15;2.9;2.9;1
1996-04-15;3.0;3.0;1
1996-05-15;3.1;3.1;1
1996-06-15;2.9;2.9;1
1996-07-15;3.0;3.0;1
1996-08-15;3.1;3.1;1
1996-09-15;3.2;3.2;1
1996-10-15;3.0;3.0;1
1996-11-15;3.0;3.0;1
1996-12-15;3.0;3.0;1
1997-01-15;3.0;3.0;1
1997-02-15;3.0;3.0;1
1997-03-15;2.8;2.8;1
1997-04-15;3.0;3.0;1
1997-05-15;2.9;2.9;1
1997-06-15;2.8;2.8;1
1997-07-15;2.7;2.7;1
1997-08-15;2.7;2.7;1
1997-09-15;2.8;2.8;1
1997-10-15;2.8;2.8;1
1997-11-15;2.9;2.9;1
1997-12-15;2.8;2.8;1
1998-01-15;2.3;2.3;1
1998-02-15;2.4;2.4;1
1998-03-15;2.5;2.5;1
1998-04-15;2.4;2.4;1
1998-05-15;2.6;2.6;1
1998-06-15;2.7;2.7;1
1998-07-15;2.6;2.6;1
1998-08-15;2.4;2.4;1
1998-09-15;2.3;2.3;1
1998-10-15;2.5;2.5;1
1998-11-15;2.3;2.3;1
1998-12-15;2.5;2.5;1
1999-01-15;2.7;2.7;1
1999-02-15;2.5;2.5;1
1999-03-15;2.7;2.7;1
1999-04-15;2.7;2.7;1
1999-05-15;2.8;2.8;1
1999-06-15;2.5;2.5;1
1999-07-15;2.7;2.7;1
1999-08-15;2.8;2.8;1
1999-09-15;2.7;2.7;1
1999-10-15;2.9;2.9;1
1999-11-15;2.9;2.9;1
1999-12-15;3.0;3.0;1
2000-01-15;3.0;3.0;1
2000-02-15;2.9;2.9;1
2000-03-15;3.2;3.2;1
2000-04-15;3.2;3.2;1
2000-05-15;3.0;3.0;1
2000-06-15;2.9;2.9;1
2000-07-15;3.0;3.0;1
2000-08-15;2.7;2.7;1
2000-09-15;2.9;2.9;1
2000-10-15;3.2;3.2;1
2000-11-15;2.9;2.9;1
2000-12-15;2.8;2.8;1
2001-01-15;3.0;3.0;1
2001-02-15;2.8;2.8;1
2001-03-15;2.8;2.8;1
2001-04-15;3.1;3.1;1
2001-05-15;3.2;3.2;1
2001-06-15;3.0;3.0;1
2001-07-15;2.6;2.6;1
2001-08-15;2.7;2.7;1
2001-09-15;2.8;2.8;1
2001-10-15;1.0;1.0;1
2001-11-15;0.4;0.4;1
2001-12-15;1.8;1.8;1
2002-01-15;1.9;1.9;1
2002-02-15;2.1;2.1;1
2002-03-15;2.7;2.7;1
2002-04-15;2.8;2.8;1
2002-05-15;2.7;2.7;1
2002-06-15;2.7;2.7;1
2002-07-15;2.6;2.6;1
2002-08-15;2.6;2.6;1
2002-09-15;2.5;2.5;1
2002-10-15;2.5;2.5;1
2002-11-15;2.4;2.4;1
2002-12-15;2.5;2.5;1
2003-01-15;2.5;2.5;1
2003-02-15;2.7;2.7;1
2003-03-15;3.1;3.1;1
2003-04-15;2.4;2.4;1
2003-05-15;2.0;2.0;1
2003-06-15;2.1;2.1;1
2003-07-15;1.7;1.7;1
2003-08-15;2.5;2.5;1
2003-09-15;2.8;2.8;1
2003-10-15;2.6;2.6;1
2003-11-15;2.7;2.7;1
2003-12-15;2.6;2.6;1
2004-01-15;2.7;2.7;1
2004-02-15;2.6;2.6;1
2004-03-15;2.9;2.9;1
2004-04-15;3.2;3.2;1
2004-05-15;3.3;3.3;1
2004-06-15;3.3;3.3;1
2004-07-15;3.0;3.0;1
2004-08-15;2.8;2.8;1
2004-09-15;2.8;2.8;1
2004-10-15;3.1;3.1;1
2004-11-15;2.8;2.8;1
2004-12-15;3.0;3.0;1
2005-01-15;2.9;2.9;1
2005-02-15;2.9;2.9;1
2005-03-15;3.2;3.2;1
2005-04-15;3.3;3.3;1
2005-05-15;3.2;3.2;1
2005-06-15;3.2;3.2;1
2005-07-15;3.0;3.0;1
2005-08-15;3.1;3.1;1
2005-09-15;4.3;4.3;1
2005-10-15;4.6;4.6;1
2005-11-15;3.3;3.3;1
2005-12-15;3.1;3.1;1
2006-01-15;3.0;3.0;1
2006-02-15;3.0;3.0;1
2006-03-15;3.0;3.0;1
2006-04-15;3.3;3.3;1
2006-05-15;4.0;4.0;1
2006-06-15;3.3;3.3;1
2006-07-15;3.2;3.2;1
2006-08-15;3.8;3.8;1
2006-09-15;3.1;3.1;1
2006-10-15;3.1;3.1;1
2006-11-15;3.0;3.0;1
2006-12-15;2.9;2.9;1
2007-01-15;3.0;3.0;1
2007-02-15;3.0;3.0;1
2007-03-15;3.0;3.0;1
2007-04-15;3.3;3.3;1
2007-05-15;3.3;3.3;1
2007-06-15;3.4;3.4;1
2007-07-15;3.4;3.4;1
2007-08-15;3.2;3.2;1
2007-09-15;3.1;3.1;1
2007-10-15;3.1;3.1;1
2007-11-15;3.4;3.4;1
2007-12-15;3.4;3.4;1
2008-01-15;3.4;3.4;1
2008-02-15;3.6;3.6;1
2008-03-15;4.3;4.3;1
2008-04-15;4.8;4.8;1
2008-05-15;5.2;5.2;1
2008-06-15;5.1;5.1;1
2008-07-15;5.1;5.1;1
2008-08-15;4.8;4.8;1
2008-09-15;4.3;4.3;1
2008-10-15;3.9;3.9;1
2008-11-15;2.9;2.9;1
2008-12-15;1.7;1.7;1
2009-01-15;2.2;2.2;1
2009-02-15;1.9;1.9;1
2009-03-15;2.0;2.0;1
2009-04-15;2.8;2.8;1
2009-05-15;2.8;2.8;1
2009-06-15;3.1;3.1;1
2009-07-15;2.9;2.9;1
2009-08-15;2.8;2.8;1
2009-09-15;2.2;2.2;1
2009-10-15;2.9;2.9;1
2009-11-15;2.7;2.7;1
2009-12-15;2.5;2.5;1
2010-01-15;2.8;2.8;1
2010-02-15;2.7;2.7;1
2010-03-15;2.7;2.7;1
2010-04-15;2.9;2.9;1
2010-05-15;3.2;3.2;1
2010-06-15;2.8;2.8;1
2010-07-15;2.7;2.7;1
2010-08-15;2.7;2.7;1
2010-09-15;2.2;2.2;1
2010-10-15;2.7;2.7;1
2010-11-15;3.0;3.0;1
2010-12-15;3.0;3.0;1
2011-01-15;3.4;3.4;1
2011-02-15;3.4;3.4;1
2011-03-15;4.6;4.6;1
2011-04-15;4.6;4.6;1
2011-05-15;4.1;4.1;1
2011-06-15;3.8;3.8;1
2011-07-15;3.4;3.4;1
2011-08-15;3.5;3.5;1
2011-09-15;3.3;3.3;1
2011-10-15;3.2;3.2;1
2011-11-15;3.2;3.2;1
2011-12-15;3.1;3.1;1
2012-01-15;3.3;3.3;1
2012-02-15;3.3;3.3;1
2012-03-15;3.9;3.9;1
2012-04-15;3.2;3.2;1
2012-05-15;3.0;3.0;1
2012-06-15;3.1;3.1;1
2012-07-15;3.0;3.0;1
2012-08-15;3.6;3.6;1
2012-09-15;3.3;3.3;1
2012-10-15;3.1;3.1;1
2012-11-15;3.1;3.1;1
2012-12-15;3.2;3.2;1
2013-01-15;3.3;3.3;1
2013-02-15;3.3;3.3;1
2013-03-15;3.2;3.2;1
2013-04-15;3.1;3.1;1
2013-05-15;3.1;3.1;1
2013-06-15;3.0;3.0;1
2013-07-15;3.1;3.1;1
2013-08-15;3.0;3.0;1
2013-09-15;3.3;3.3;1
2013-10-15;3.0;3.0;1
2013-11-15;2.9;2.9;1
2013-12-15;3.0;3.0;1
2014-01-15;3.1;3.1;1
2014-02-15;3.2;3.2;1
2014-03-15;3.2;3.2;1
2014-04-15;3.2;3.2;1
2014-05-15;3.3;3.3;1
2014-06-15;3.1;3.1;1
2014-07-15;3.3;3.3;1
2014-08-15;3.2;3.2;1
2014-09-15;3.0;3.0;1
2014-10-15;2.9;2.9;1
2014-11-15;2.8;2.8;1
2014-12-15;2.8;2.8;1
2015-01-15;2.5;2.5;1
2015-02-15;2.8;2.8;1
2015-03-15;3.0;3.0;1
2015-04-15;2.6;2.6;1
2015-05-15;2.8;2.8;1
2015-06-15;2.7;2.7;1
2015-07-15;2.8;2.8;1
2015-08-15;2.8;2.8;1
2015-09-15;2.8;2.8;1
2015-10-15;2.7;2.7;1
2015-11-15;2.7;2.7;1
2015-12-15;2.6;2.6;1
2016-01-15;2.5;2.5;1
2016-02-15;2.5;2.5;1
2016-03-15;2.7;2.7;1
