USDOLSF;EB;EO;ER
2004-04-01;0.7926;0.793;0.7928
2004-04-02;0.775;0.7754;0.7752
2004-04-05;0.7658;0.7664;0.7661
2004-04-06;0.7704;0.7711;0.7707
2004-04-07;0.7825;0.7828;0.7826
2004-04-08;0.7796;0.78;0.7798
2004-04-09;0.7796;0.78;0.7798
2004-04-12;0.7785;0.7791;0.7788
2004-04-13;0.7662;0.7668;0.7665
2004-04-14;0.7693;0.7699;0.7696
2004-04-15;0.7687;0.7692;0.7689
2004-04-16;0.7748;0.7754;0.7751
2004-04-19;0.7757;0.7762;0.7759
2004-04-20;0.7651;0.7655;0.7653
2004-04-21;0.7633;0.7639;0.7636
2004-04-22;0.7616;0.7621;0.7618
2004-04-23;0.7588;0.7593;0.759
2004-04-26;0.7612;0.7618;0.7615
2004-04-27;0.7688;0.7692;0.769
2004-04-28;0.7646;0.7648;0.7647
2004-04-29;0.7725;0.7726;0.7725
2004-04-30;0.7712;0.7713;0.7712
2004-05-03;0.7698;0.77;0.7699
2004-05-04;0.7798;0.78;0.7799
2004-05-05;0.7826;0.7828;0.7827
2004-05-06;0.7786;0.7787;0.7786
2004-05-07;0.7692;0.7694;0.7693
2004-05-10;0.7687;0.7688;0.7687
2004-05-11;0.7663;0.7664;0.7663
2004-05-12;0.7737;0.7739;0.7738
2004-05-13;0.7692;0.7694;0.7693
2004-05-14;0.77;0.7703;0.7701
2004-05-17;0.7804;0.7806;0.7805
2004-05-18;0.7791;0.7792;0.7791
2004-05-19;0.7837;0.7838;0.7837
2004-05-20;0.776;0.7762;0.7761
2004-05-21;0.7824;0.7827;0.7825
2004-05-24;0.7777;0.7779;0.7778
2004-05-25;0.7875;0.7877;0.7876
2004-05-26;0.7855;0.7857;0.7856
2004-05-27;0.7999;0.8;0.7999
2004-05-28;0.7971;0.7973;0.7972
2004-05-31;0.7971;0.7973;0.7972
2004-06-01;0.7986;0.7988;0.7987
2004-06-02;0.8044;0.8045;0.8044
2004-06-03;0.8023;0.8025;0.8024
2004-06-04;0.8026;0.8028;0.8027
2004-06-07;0.807;0.8071;0.807
2004-06-08;0.8063;0.8064;0.8063
2004-06-09;0.7977;0.7978;0.7977
2004-06-10;0.8016;0.8019;0.8017
2004-06-11;0.7936;0.7937;0.7936
2004-06-14;0.7967;0.7968;0.7967
2004-06-15;0.795;0.7952;0.7951
2004-06-16;0.7886;0.7889;0.7887
2004-06-17;0.7965;0.7968;0.7966
2004-06-18;0.8046;0.8048;0.8047
2004-06-21;0.8012;0.8014;0.8013
2004-06-22;0.7995;0.7996;0.7995
2004-06-23;0.7978;0.7981;0.7979
2004-06-24;0.8053;0.8055;0.8054
2004-06-25;0.7995;0.7999;0.7997
2004-06-28;0.8019;0.802;0.8019
2004-06-29;0.7922;0.7924;0.7923
2004-06-30;0.7983;0.7986;0.7984
2004-07-01;0.798;0.7982;0.7981
2004-07-02;0.8112;0.8114;0.8113
2004-07-05;0.808;0.8082;0.8081
2004-07-06;0.8085;0.8087;0.8086
2004-07-07;0.814;0.8141;0.814
2004-07-08;0.817;0.8171;0.817
2004-07-09;0.8154;0.8156;0.8155
2004-07-12;0.8168;0.8169;0.8168
2004-07-13;0.8085;0.8087;0.8086
2004-07-14;0.8139;0.8141;0.814
2004-07-15;0.8102;0.8103;0.8102
2004-07-16;0.8161;0.8163;0.8162
2004-07-19;0.8133;0.8136;0.8134
2004-07-20;0.8079;0.808;0.8079
2004-07-21;0.7963;0.7964;0.7963
2004-07-22;0.8023;0.8025;0.8024
2004-07-23;0.7912;0.7916;0.7914
2004-07-26;0.792;0.7923;0.7921
2004-07-27;0.7845;0.7847;0.7846
2004-07-28;0.7833;0.7834;0.7833
2004-07-29;0.7845;0.7847;0.7846
2004-07-30;0.7814;0.7819;0.7816
2004-08-02;0.7825;0.7827;0.7826
2004-08-03;0.7831;0.7833;0.7832
2004-08-04;0.7841;0.7842;0.7841
2004-08-05;0.7833;0.7835;0.7834
2004-08-06;0.7977;0.7979;0.7978
2004-08-09;0.7966;0.7967;0.7966
2004-08-10;0.7999;0.8;0.7999
2004-08-11;0.7912;0.7913;0.7912
2004-08-12;0.7947;0.7948;0.7947
2004-08-13;0.8062;0.8063;0.8062
2004-08-16;0.8047;0.8051;0.8049
2004-08-17;0.802;0.8025;0.8022
2004-08-18;0.7994;0.7998;0.7996
2004-08-19;0.8043;0.8047;0.8045
2004-08-20;0.8002;0.8007;0.8004
2004-08-23;0.7914;0.7918;0.7916
2004-08-24;0.7872;0.7876;0.7874
2004-08-25;0.7856;0.786;0.7858
2004-08-26;0.7849;0.7854;0.7851
2004-08-27;0.7808;0.7812;0.781
2004-08-30;0.7815;0.782;0.7817
2004-08-31;0.7884;0.7889;0.7886
2004-09-01;0.7913;0.7918;0.7915
2004-09-02;0.792;0.7924;0.7922
2004-09-03;0.7862;0.7866;0.7864
2004-09-06;0.7871;0.7875;0.7873
2004-09-07;0.7868;0.7872;0.787
2004-09-08;0.7884;0.7889;0.7886
2004-09-09;0.7899;0.7903;0.7901
2004-09-10;0.7973;0.7977;0.7975
2004-09-13;0.7936;0.7941;0.7938
2004-09-14;0.7955;0.7959;0.7957
2004-09-15;0.787;0.7874;0.7872
2004-09-16;0.7859;0.7863;0.7861
2004-09-17;0.7863;0.7867;0.7865
2004-09-20;0.784;0.7844;0.7842
2004-09-21;0.7929;0.7933;0.7931
2004-09-22;0.7912;0.7916;0.7914
2004-09-23;0.7945;0.7949;0.7947
2004-09-24;0.792;0.7924;0.7922
2004-09-27;0.7936;0.794;0.7938
2004-09-28;0.7934;0.7938;0.7936
2004-09-29;0.7932;0.7936;0.7934
2004-09-30;0.8006;0.8011;0.8008
2004-10-01;0.7997;0.8002;0.7999
2004-10-04;0.7887;0.7892;0.7889
2004-10-05;0.7915;0.7919;0.7917
2004-10-06;0.7913;0.7917;0.7915
2004-10-07;0.7908;0.7912;0.791
2004-10-08;0.8005;0.8009;0.8007
2004-10-11;0.7991;0.7996;0.7993
2004-10-12;0.7926;0.7932;0.7929
2004-10-13;0.7936;0.794;0.7938
2004-10-14;0.8029;0.8034;0.8031
2004-10-15;0.8107;0.8111;0.8109
2004-10-18;0.8131;0.8135;0.8133
2004-10-19;0.8133;0.8138;0.8135
2004-10-20;0.8192;0.8197;0.8194
2004-10-21;0.8201;0.8205;0.8203
2004-10-22;0.8212;0.8216;0.8214
2004-10-25;0.8333;0.8337;0.8335
2004-10-26;0.8329;0.8333;0.8331
2004-10-27;0.8332;0.8336;0.8334
2004-10-28;0.8334;0.8338;0.8336
2004-10-29;0.8321;0.8325;0.8323
2004-11-01;0.8316;0.832;0.8318
2004-11-02;0.828;0.8285;0.8282
2004-11-03;0.836;0.8365;0.8362
2004-11-04;0.8427;0.8432;0.8429
2004-11-05;0.8442;0.8446;0.8444
2004-11-08;0.8477;0.8481;0.8479
2004-11-09;0.8457;0.8462;0.8459
2004-11-10;0.8474;0.8479;0.8476
2004-11-11;0.8491;0.8495;0.8493
2004-11-12;0.8492;0.8496;0.8494
2004-11-15;0.8482;0.8487;0.8484
2004-11-16;0.8511;0.8515;0.8513
2004-11-17;0.8577;0.8582;0.8579
2004-11-18;0.8554;0.8558;0.8556
2004-11-19;0.8625;0.8629;0.8627
2004-11-22;0.8599;0.8604;0.8601
2004-11-23;0.8635;0.8639;0.8637
2004-11-24;0.8694;0.8699;0.8696
2004-11-25;0.8761;0.8765;0.8763
2004-11-26;0.8753;0.8758;0.8755
2004-11-29;0.8764;0.8769;0.8766
2004-11-30;0.8786;0.879;0.8788
2004-12-01;0.8737;0.8741;0.8739
2004-12-02;0.8671;0.8676;0.8673
2004-12-03;0.8759;0.8763;0.8761
2004-12-06;0.8778;0.8783;0.878
2004-12-07;0.8776;0.878;0.8778
2004-12-08;0.8638;0.8643;0.864
2004-12-09;0.8652;0.8656;0.8654
2004-12-10;0.8611;0.8616;0.8613
2004-12-13;0.8662;0.8666;0.8664
2004-12-14;0.8653;0.8658;0.8655
2004-12-15;0.8771;0.8775;0.8773
2004-12-16;0.8649;0.8654;0.8651
2004-12-17;0.8618;0.8622;0.862
2004-12-20;0.8723;0.8728;0.8725
2004-12-21;0.8668;0.8672;0.867
2004-12-22;0.8674;0.8679;0.8676
2004-12-23;0.8743;0.8749;0.8746
2004-12-24;0.8755;0.8761;0.8758
2004-12-27;0.8808;0.8813;0.881
2004-12-28;0.8802;0.8806;0.8804
2004-12-29;0.8801;0.8806;0.8803
2004-12-30;0.882;0.8827;0.8823
2004-12-31;0.8792;0.8796;0.8794
2005-01-03;0.8709;0.8713;0.8711
2005-01-04;0.8569;0.8574;0.8571
2005-01-05;0.8561;0.8565;0.8563
2005-01-06;0.8502;0.8506;0.8504
2005-01-07;0.8421;0.8425;0.8423
2005-01-10;0.8465;0.8469;0.8467
2005-01-11;0.8495;0.8499;0.8497
2005-01-12;0.8594;0.8598;0.8596
2005-01-13;0.8529;0.8533;0.8531
2005-01-14;0.8453;0.8458;0.8455
2005-01-17;0.8464;0.8468;0.8466
2005-01-18;0.8429;0.8434;0.8431
2005-01-19;0.8453;0.8457;0.8455
2005-01-20;0.8387;0.8393;0.839
2005-01-21;0.8393;0.8397;0.8395
2005-01-24;0.8438;0.8442;0.844
2005-01-25;0.8363;0.8368;0.8365
2005-01-26;0.8444;0.8448;0.8446
2005-01-27;0.8431;0.8436;0.8433
2005-01-28;0.8401;0.8406;0.8403
2005-01-31;0.8412;0.8416;0.8414
2005-02-01;0.8366;0.8371;0.8368
2005-02-02;0.8387;0.8391;0.8389
2005-02-03;0.8306;0.8311;0.8308
2005-02-04;0.8301;0.8306;0.8303
2005-02-07;0.8221;0.8225;0.8223
2005-02-08;0.8185;0.8189;0.8187
2005-02-09;0.821;0.8214;0.8212
2005-02-10;0.8278;0.8282;0.828
2005-02-11;0.8278;0.8282;0.828
2005-02-14;0.8337;0.8342;0.8339
2005-02-15;0.8362;0.8366;0.8364
2005-02-16;0.8385;0.8389;0.8387
2005-02-17;0.8439;0.8443;0.8441
2005-02-18;0.8451;0.8456;0.8453
2005-02-21;0.8459;0.8463;0.8461
2005-02-22;0.8593;0.8598;0.8595
2005-02-23;0.8571;0.8576;0.8573
2005-02-24;0.856;0.8565;0.8562
2005-02-25;0.8548;0.8553;0.855
2005-02-28;0.8633;0.8638;0.8635
2005-03-01;0.8576;0.8581;0.8578
2005-03-02;0.8503;0.8508;0.8505
2005-03-03;0.8486;0.8491;0.8488
2005-03-04;0.8563;0.8567;0.8565
2005-03-07;0.8493;0.8498;0.8495
2005-03-08;0.862;0.8624;0.8622
2005-03-09;0.8599;0.8603;0.8601
2005-03-10;0.8658;0.8662;0.866
2005-03-11;0.8686;0.8691;0.8688
2005-03-14;0.8614;0.8619;0.8616
2005-03-15;0.8576;0.858;0.8578
2005-03-16;0.8682;0.8686;0.8684
2005-03-17;0.8648;0.8653;0.865
2005-03-18;0.8565;0.857;0.8567
2005-03-21;0.8494;0.8499;0.8496
2005-03-22;0.8499;0.8504;0.8501
2005-03-23;0.8367;0.8371;0.8369
2005-03-24;0.8338;0.8343;0.834
2005-03-25;0.8338;0.8343;0.834
2005-03-28;0.8289;0.8293;0.8291
2005-03-29;0.8304;0.8308;0.8306
2005-03-30;0.8367;0.8371;0.8369
2005-03-31;0.8388;0.8392;0.839
2005-04-01;0.8344;0.8349;0.8346
2005-04-04;0.8249;0.8253;0.8251
2005-04-05;0.8272;0.8276;0.8274
2005-04-06;0.828;0.8285;0.8282
2005-04-07;0.8319;0.8323;0.8321
2005-04-08;0.8293;0.8297;0.8295
2005-04-11;0.8364;0.8368;0.8366
2005-04-12;0.8308;0.8313;0.831
2005-04-13;0.8315;0.8319;0.8317
2005-04-14;0.823;0.8235;0.8232
2005-04-15;0.8328;0.8332;0.833
2005-04-18;0.8416;0.8421;0.8418
2005-04-19;0.844;0.8445;0.8442
2005-04-20;0.8472;0.8477;0.8474
2005-04-21;0.8496;0.8501;0.8498
2005-04-22;0.8469;0.8473;0.8471
2005-04-25;0.8408;0.8412;0.841
2005-04-26;0.8401;0.8406;0.8403
2005-04-27;0.841;0.8415;0.8412
2005-04-28;0.839;0.8394;0.8392
2005-04-29;0.8398;0.8402;0.84
2005-05-02;0.8324;0.8328;0.8326
2005-05-03;0.8351;0.8355;0.8353
2005-05-04;0.8402;0.8407;0.8404
2005-05-05;0.8357;0.8362;0.8359
2005-05-06;0.8298;0.8303;0.83
2005-05-09;0.8288;0.8292;0.829
2005-05-10;0.8328;0.8332;0.833
2005-05-11;0.8295;0.83;0.8297
2005-05-12;0.8227;0.8232;0.8229
2005-05-13;0.8184;0.8189;0.8186
2005-05-16;0.817;0.8174;0.8172
2005-05-17;0.8187;0.8192;0.8189
2005-05-18;0.8187;0.8191;0.8189
2005-05-19;0.8168;0.8173;0.817
2005-05-20;0.8096;0.81;0.8098
2005-05-23;0.8126;0.8131;0.8128
2005-05-24;0.8133;0.8137;0.8135
2005-05-25;0.8147;0.8151;0.8149
2005-05-26;0.8093;0.8097;0.8095
2005-05-27;0.8101;0.8105;0.8103
2005-05-30;0.8073;0.8077;0.8075
2005-05-31;0.803;0.8034;0.8032
2005-06-01;0.7991;0.7996;0.7993
2005-06-02;0.8;0.8005;0.8002
2005-06-03;0.7995;0.8;0.7997
2005-06-06;0.8014;0.8019;0.8016
2005-06-07;0.8014;0.8018;0.8016
2005-06-08;0.8034;0.8039;0.8036
2005-06-09;0.795;0.7955;0.7952
2005-06-10;0.7889;0.7893;0.7891
2005-06-13;0.7826;0.783;0.7828
2005-06-14;0.7826;0.7831;0.7828
2005-06-15;0.7864;0.7868;0.7866
2005-06-16;0.7842;0.7846;0.7844
2005-06-17;0.7916;0.792;0.7918
2005-06-20;0.7855;0.7861;0.7858
2005-06-21;0.7869;0.7874;0.7871
2005-06-22;0.7867;0.7872;0.7869
2005-06-23;0.7824;0.7828;0.7826
2005-06-24;0.7842;0.7847;0.7844
2005-06-27;0.7881;0.7886;0.7883
2005-06-28;0.7816;0.782;0.7818
2005-06-29;0.7804;0.7808;0.7806
2005-06-30;0.7804;0.7808;0.7806
2005-07-01;0.7715;0.7719;0.7717
2005-07-04;0.7678;0.7682;0.768
2005-07-05;0.7668;0.7672;0.767
2005-07-06;0.7675;0.7679;0.7677
2005-07-07;0.7716;0.7721;0.7718
2005-07-08;0.7677;0.7682;0.7679
2005-07-11;0.7761;0.7765;0.7763
2005-07-12;0.784;0.7844;0.7842
2005-07-13;0.7755;0.776;0.7757
2005-07-14;0.7759;0.7764;0.7761
2005-07-15;0.7719;0.7723;0.7721
2005-07-18;0.7727;0.7731;0.7729
2005-07-19;0.7662;0.7666;0.7664
2005-07-20;0.7684;0.7688;0.7686
2005-07-21;0.7758;0.7762;0.776
2005-07-22;0.7745;0.7749;0.7747
2005-07-25;0.7716;0.772;0.7718
2005-07-26;0.7695;0.7699;0.7697
2005-07-27;0.77;0.7704;0.7702
2005-07-28;0.7739;0.7744;0.7741
2005-07-29;0.7779;0.7783;0.7781
2005-08-01;0.7832;0.7836;0.7834
2005-08-02;0.7839;0.7844;0.7841
2005-08-03;0.7907;0.7911;0.7909
2005-08-04;0.7935;0.7939;0.7937
2005-08-05;0.7899;0.7903;0.7901
2005-08-08;0.793;0.7935;0.7932
2005-08-09;0.7926;0.793;0.7928
2005-08-10;0.7955;0.796;0.7957
2005-08-11;0.8005;0.8009;0.8007
2005-08-12;0.8012;0.8016;0.8014
2005-08-15;0.797;0.7975;0.7972
2005-08-16;0.7939;0.7943;0.7941
2005-08-17;0.7944;0.7949;0.7946
2005-08-18;0.7859;0.7864;0.7861
2005-08-19;0.7835;0.7839;0.7837
2005-08-22;0.7878;0.7882;0.788
2005-08-23;0.785;0.7854;0.7852
2005-08-24;0.789;0.7895;0.7892
2005-08-25;0.7942;0.7947;0.7944
2005-08-26;0.7978;0.7983;0.798
2005-08-29;0.7931;0.7935;0.7933
2005-08-30;0.7857;0.7861;0.7859
2005-08-31;0.7944;0.7948;0.7946
2005-09-01;0.8072;0.8076;0.8074
2005-09-02;0.8139;0.8144;0.8141
2005-09-05;0.8105;0.8109;0.8107
2005-09-06;0.8088;0.8092;0.809
2005-09-07;0.8066;0.8071;0.8068
2005-09-08;0.8044;0.8048;0.8046
2005-09-09;0.8048;0.8052;0.805
2005-09-12;0.7953;0.7957;0.7955
2005-09-13;0.7929;0.7934;0.7931
2005-09-14;0.7962;0.7967;0.7964
2005-09-15;0.7887;0.7891;0.7889
2005-09-16;0.7868;0.7872;0.787
2005-09-19;0.7825;0.7829;0.7827
2005-09-20;0.7829;0.7833;0.7831
2005-09-21;0.7873;0.7878;0.7875
2005-09-22;0.7815;0.782;0.7817
2005-09-23;0.7753;0.7758;0.7755
2005-09-26;0.7726;0.773;0.7728
2005-09-27;0.7706;0.771;0.7708
2005-09-28;0.7711;0.7716;0.7713
2005-09-29;0.7707;0.7712;0.7709
2005-09-30;0.7754;0.7759;0.7756
2005-10-03;0.767;0.7674;0.7672
2005-10-04;0.7686;0.769;0.7688
2005-10-05;0.7713;0.7717;0.7715
2005-10-06;0.7838;0.7843;0.784
2005-10-07;0.7812;0.7816;0.7814
2005-10-10;0.777;0.7775;0.7772
2005-10-11;0.7748;0.7753;0.775
2005-10-12;0.7771;0.7776;0.7773
2005-10-13;0.7695;0.77;0.7697
2005-10-14;0.7781;0.7786;0.7783
2005-10-17;0.7739;0.7743;0.7741
2005-10-18;0.7668;0.7673;0.767
2005-10-19;0.7717;0.7721;0.7719
2005-10-20;0.7733;0.7737;0.7735
2005-10-21;0.7775;0.7779;0.7777
2005-10-24;0.776;0.7764;0.7762
2005-10-25;0.783;0.7834;0.7832
2005-10-26;0.7801;0.7805;0.7803
2005-10-27;0.7846;0.785;0.7848
2005-10-28;0.7832;0.7836;0.7834
2005-10-31;0.7743;0.7747;0.7745
2005-11-01;0.7744;0.7749;0.7746
2005-11-02;0.782;0.7824;0.7822
2005-11-03;0.7779;0.7784;0.7781
2005-11-04;0.7651;0.7655;0.7653
2005-11-07;0.7643;0.7648;0.7645
2005-11-08;0.7624;0.7628;0.7626
2005-11-09;0.7609;0.7614;0.7611
2005-11-10;0.7635;0.7638;0.7636
2005-11-11;0.7608;0.7612;0.761
2005-11-14;0.7594;0.7598;0.7596
2005-11-15;0.756;0.7564;0.7562
2005-11-16;0.7535;0.754;0.7537
2005-11-17;0.7578;0.7582;0.758
2005-11-18;0.7565;0.757;0.7567
2005-11-21;0.7586;0.759;0.7588
2005-11-22;0.7568;0.7573;0.757
2005-11-23;0.7603;0.7607;0.7605
2005-11-24;0.7602;0.7606;0.7604
2005-11-25;0.7581;0.7585;0.7583
2005-11-28;0.7622;0.7626;0.7624
2005-11-29;0.7596;0.76;0.7598
2005-11-30;0.7605;0.7609;0.7607
2005-12-01;0.7567;0.7572;0.7569
2005-12-02;0.7571;0.7575;0.7573
2005-12-05;0.762;0.7624;0.7622
2005-12-06;0.7649;0.7654;0.7651
2005-12-07;0.7614;0.7617;0.7615
2005-12-08;0.7685;0.7689;0.7687
2005-12-09;0.7682;0.7687;0.7684
2005-12-12;0.775;0.7754;0.7752
2005-12-13;0.7723;0.7727;0.7725
2005-12-14;0.7805;0.781;0.7807
2005-12-15;0.7746;0.7751;0.7748
2005-12-16;0.7751;0.7754;0.7752
2005-12-19;0.7728;0.7733;0.773
2005-12-20;0.7651;0.7655;0.7653
2005-12-21;0.7599;0.7603;0.7601
2005-12-22;0.762;0.7624;0.7622
2005-12-23;0.7617;0.7621;0.7619
2005-12-26;0.7617;0.7621;0.7619
2005-12-27;0.761;0.7614;0.7612
2005-12-28;0.7639;0.7643;0.7641
2005-12-29;0.7601;0.7606;0.7603
2005-12-30;0.7586;0.7589;0.7587
2006-01-02;0.7586;0.7589;0.7587
2006-01-03;0.7721;0.7726;0.7723
2006-01-04;0.7805;0.7809;0.7807
2006-01-05;0.782;0.7825;0.7822
2006-01-06;0.7874;0.7878;0.7876
2006-01-09;0.7825;0.7829;0.7827
2006-01-10;0.7813;0.7817;0.7815
2006-01-11;0.7819;0.7823;0.7821
2006-01-12;0.7777;0.7781;0.7779
2006-01-13;0.7792;0.7796;0.7794
2006-01-16;0.7811;0.7815;0.7813
2006-01-17;0.7782;0.7786;0.7784
2006-01-18;0.781;0.7814;0.7812
2006-01-19;0.7801;0.7806;0.7803
2006-01-20;0.7789;0.7793;0.7791
2006-01-23;0.7936;0.794;0.7938
2006-01-24;0.7928;0.7933;0.793
2006-01-25;0.7923;0.7928;0.7925
2006-01-26;0.7896;0.7901;0.7898
2006-01-27;0.7822;0.7827;0.7824
2006-01-30;0.7768;0.7772;0.777
2006-01-31;0.7803;0.7808;0.7805
2006-02-01;0.7786;0.779;0.7788
2006-02-02;0.7773;0.7777;0.7775
2006-02-03;0.7715;0.7719;0.7717
2006-02-06;0.7694;0.7699;0.7696
2006-02-07;0.768;0.7684;0.7682
2006-02-08;0.7687;0.7691;0.7689
2006-02-09;0.7676;0.768;0.7678
2006-02-10;0.7657;0.7661;0.7659
2006-02-13;0.765;0.7653;0.7651
2006-02-14;0.7617;0.7621;0.7619
2006-02-15;0.7636;0.764;0.7638
2006-02-16;0.7623;0.7627;0.7625
2006-02-17;0.7621;0.7625;0.7623
2006-02-20;0.7653;0.7657;0.7655
2006-02-21;0.7634;0.7638;0.7636
2006-02-22;0.7604;0.7608;0.7606
2006-02-23;0.764;0.7644;0.7642
2006-02-24;0.759;0.7594;0.7592
2006-02-27;0.7571;0.7575;0.7573
2006-02-28;0.7622;0.7626;0.7624
2006-03-01;0.7626;0.763;0.7628
2006-03-02;0.7651;0.7655;0.7653
2006-03-03;0.7681;0.7686;0.7683
2006-03-06;0.7693;0.7697;0.7695
2006-03-07;0.7615;0.7619;0.7617
2006-03-08;0.7636;0.7641;0.7638
2006-03-09;0.7615;0.7619;0.7617
2006-03-10;0.7571;0.7576;0.7573
2006-03-13;0.7597;0.7601;0.7599
2006-03-14;0.7674;0.7679;0.7676
2006-03-15;0.7681;0.7685;0.7683
2006-03-16;0.7732;0.7737;0.7734
2006-03-17;0.7735;0.7739;0.7737
2006-03-20;0.7747;0.7751;0.7749
2006-03-21;0.7678;0.7682;0.768
2006-03-22;0.7674;0.7678;0.7676
2006-03-23;0.7593;0.7597;0.7595
2006-03-24;0.762;0.7624;0.7622
2006-03-27;0.7642;0.7646;0.7644
2006-03-28;0.7688;0.7692;0.769
2006-03-29;0.7622;0.7626;0.7624
2006-03-30;0.7701;0.7705;0.7703
2006-03-31;0.765;0.7654;0.7652
2006-04-03;0.7656;0.766;0.7658
2006-04-04;0.7754;0.7758;0.7756
2006-04-05;0.7773;0.7777;0.7775
2006-04-06;0.7754;0.7759;0.7756
2006-04-07;0.7679;0.7684;0.7681
2006-04-10;0.7676;0.768;0.7678
2006-04-11;0.7693;0.7698;0.7695
2006-04-12;0.7693;0.7697;0.7695
2006-04-13;0.7689;0.7694;0.7691
2006-04-14;0.7689;0.7694;0.7691
2006-04-17;0.7829;0.7833;0.7831
2006-04-18;0.7844;0.7848;0.7846
2006-04-19;0.7864;0.7869;0.7866
2006-04-20;0.7813;0.7818;0.7815
2006-04-21;0.7836;0.784;0.7838
2006-04-24;0.7864;0.7868;0.7866
2006-04-25;0.7876;0.7881;0.7878
2006-04-26;0.7874;0.7879;0.7876
2006-04-27;0.7935;0.7939;0.7937
2006-04-28;0.8038;0.8043;0.804
2006-05-01;0.8086;0.809;0.8088
2006-05-02;0.8091;0.8095;0.8093
2006-05-03;0.8075;0.8079;0.8077
2006-05-04;0.8128;0.8132;0.813
2006-05-05;0.8163;0.8168;0.8165
2006-05-08;0.814;0.8144;0.8142
2006-05-09;0.8189;0.8193;0.8191
2006-05-10;0.8199;0.8204;0.8201
2006-05-11;0.8229;0.8233;0.8231
2006-05-12;0.8311;0.8316;0.8313
2006-05-15;0.8273;0.8278;0.8275
2006-05-16;0.8274;0.8278;0.8276
2006-05-17;0.8245;0.825;0.8247
2006-05-18;0.826;0.8264;0.8262
2006-05-19;0.8173;0.8177;0.8175
2006-05-22;0.827;0.8275;0.8272
2006-05-23;0.8274;0.8278;0.8276
2006-05-24;0.8208;0.8212;0.821
2006-05-25;0.8208;0.8212;0.821
2006-05-26;0.814;0.8144;0.8142
2006-05-29;0.8167;0.8172;0.8169
2006-05-30;0.8268;0.8272;0.827
2006-05-31;0.8228;0.8233;0.823
2006-06-01;0.8205;0.821;0.8207
2006-06-02;0.8286;0.829;0.8288
2006-06-05;0.8302;0.8306;0.8304
2006-06-06;0.8211;0.8216;0.8213
2006-06-07;0.8174;0.8179;0.8176
2006-06-08;0.8095;0.81;0.8097
2006-06-09;0.8126;0.8131;0.8128
2006-06-12;0.8097;0.8101;0.8099
2006-06-13;0.8089;0.8093;0.8091
2006-06-14;0.8132;0.8137;0.8134
2006-06-15;0.8125;0.813;0.8127
2006-06-16;0.8114;0.8118;0.8116
2006-06-19;0.8046;0.8051;0.8048
2006-06-20;0.8065;0.807;0.8067
2006-06-21;0.8093;0.8097;0.8095
2006-06-22;0.8045;0.8049;0.8047
2006-06-23;0.8013;0.8017;0.8015
2006-06-26;0.802;0.8024;0.8022
2006-06-27;0.8042;0.8046;0.8044
2006-06-28;0.8009;0.8013;0.8011
2006-06-29;0.8009;0.8013;0.8011
2006-06-30;0.8161;0.8166;0.8163
2006-07-03;0.8169;0.8173;0.8171
2006-07-04;0.8161;0.8165;0.8163
2006-07-05;0.8098;0.8102;0.81
2006-07-06;0.8123;0.8127;0.8125
2006-07-07;0.8182;0.8186;0.8184
2006-07-10;0.8122;0.8127;0.8124
2006-07-11;0.8135;0.814;0.8137
2006-07-12;0.8087;0.8091;0.8089
2006-07-13;0.8125;0.8129;0.8127
2006-07-14;0.8084;0.8088;0.8086
2006-07-17;0.8008;0.8013;0.801
2006-07-18;0.7976;0.798;0.7978
2006-07-19;0.8006;0.801;0.8008
2006-07-20;0.8046;0.805;0.8048
2006-07-21;0.8081;0.8085;0.8083
2006-07-24;0.8019;0.8023;0.8021
2006-07-25;0.801;0.8015;0.8012
2006-07-26;0.8002;0.8007;0.8004
2006-07-27;0.8094;0.8098;0.8096
2006-07-28;0.8116;0.8121;0.8118
2006-07-31;0.8119;0.8124;0.8121
2006-08-01;0.809;0.8094;0.8092
2006-08-02;0.8141;0.8145;0.8143
2006-08-03;0.8114;0.8119;0.8116
2006-08-04;0.8184;0.8188;0.8186
2006-08-07;0.8177;0.8182;0.8179
2006-08-08;0.8152;0.8156;0.8154
2006-08-09;0.8178;0.8183;0.818
2006-08-10;0.8089;0.8093;0.8091
2006-08-11;0.8083;0.8087;0.8085
2006-08-14;0.806;0.8064;0.8062
2006-08-15;0.8084;0.8089;0.8086
2006-08-16;0.8141;0.8145;0.8143
2006-08-17;0.814;0.8145;0.8142
2006-08-18;0.811;0.8114;0.8112
2006-08-21;0.8182;0.8186;0.8184
2006-08-22;0.8107;0.8112;0.8109
2006-08-23;0.8101;0.8105;0.8103
2006-08-24;0.8096;0.8101;0.8098
2006-08-25;0.806;0.8064;0.8062
2006-08-28;0.8093;0.8098;0.8095
2006-08-29;0.8082;0.8086;0.8084
2006-08-30;0.8136;0.814;0.8138
2006-08-31;0.8108;0.8113;0.811
2006-09-01;0.8103;0.8108;0.8105
2006-09-04;0.8134;0.8139;0.8136
2006-09-05;0.8095;0.8099;0.8097
2006-09-06;0.8076;0.8081;0.8078
2006-09-07;0.8043;0.8048;0.8045
2006-09-08;0.8004;0.8009;0.8006
2006-09-11;0.8029;0.8034;0.8031
2006-09-12;0.801;0.8014;0.8012
2006-09-13;0.7985;0.7989;0.7987
2006-09-14;0.8019;0.8024;0.8021
2006-09-15;0.7944;0.7948;0.7946
2006-09-18;0.7982;0.7986;0.7984
2006-09-19;0.8;0.8005;0.8002
2006-09-20;0.8;0.8005;0.8002
2006-09-21;0.799;0.7995;0.7992
2006-09-22;0.8098;0.8102;0.81
2006-09-25;0.8074;0.8078;0.8076
2006-09-26;0.8033;0.8038;0.8035
2006-09-27;0.8033;0.8037;0.8035
2006-09-28;0.8009;0.8013;0.8011
2006-09-29;0.7973;0.7977;0.7975
2006-10-02;0.8047;0.8051;0.8049
2006-10-03;0.8033;0.8038;0.8035
2006-10-04;0.7989;0.7994;0.7991
2006-10-05;0.7978;0.7983;0.798
2006-10-06;0.7926;0.793;0.7928
2006-10-09;0.793;0.7934;0.7932
2006-10-10;0.7879;0.7884;0.7881
2006-10-11;0.787;0.7875;0.7872
2006-10-12;0.7868;0.7873;0.787
2006-10-13;0.7838;0.7842;0.784
2006-10-16;0.7861;0.7865;0.7863
2006-10-17;0.7888;0.7892;0.789
2006-10-18;0.7859;0.7863;0.7861
2006-10-19;0.7922;0.7927;0.7924
2006-10-20;0.7935;0.7939;0.7937
2006-10-23;0.7888;0.7892;0.789
2006-10-24;0.788;0.7884;0.7882
2006-10-25;0.7899;0.7904;0.7901
2006-10-26;0.7951;0.7955;0.7953
2006-10-27;0.7997;0.8002;0.7999
2006-10-30;0.8004;0.8008;0.8006
2006-10-31;0.8038;0.8042;0.804
2006-11-01;0.8043;0.8047;0.8045
2006-11-02;0.803;0.8034;0.8032
2006-11-03;0.7966;0.797;0.7968
2006-11-06;0.7953;0.7958;0.7955
2006-11-07;0.8019;0.8023;0.8021
2006-11-08;0.7991;0.7995;0.7993
2006-11-09;0.8016;0.802;0.8018
2006-11-10;0.8071;0.8075;0.8073
2006-11-13;0.804;0.8044;0.8042
2006-11-14;0.8034;0.8038;0.8036
2006-11-15;0.8013;0.8018;0.8015
2006-11-16;0.8014;0.8018;0.8016
2006-11-17;0.8036;0.804;0.8038
2006-11-20;0.8046;0.805;0.8048
2006-11-21;0.8055;0.8059;0.8057
2006-11-22;0.8139;0.8144;0.8141
2006-11-23;0.8172;0.8176;0.8174
2006-11-24;0.8262;0.8267;0.8264
2006-11-27;0.8273;0.8278;0.8275
2006-11-28;0.8274;0.8278;0.8276
2006-11-29;0.8267;0.8272;0.8269
2006-11-30;0.8345;0.8349;0.8347
2006-12-01;0.8387;0.8391;0.8389
2006-12-04;0.8367;0.8371;0.8369
2006-12-05;0.8383;0.8387;0.8385
2006-12-06;0.8386;0.839;0.8388
2006-12-07;0.8368;0.8373;0.837
2006-12-08;0.8376;0.8381;0.8378
2006-12-11;0.8305;0.831;0.8307
2006-12-12;0.8314;0.8318;0.8316
2006-12-13;0.8293;0.8297;0.8295
2006-12-14;0.8237;0.8242;0.8239
2006-12-15;0.8187;0.8192;0.8189
2006-12-18;0.8163;0.8168;0.8165
2006-12-19;0.8215;0.822;0.8217
2006-12-20;0.8214;0.8219;0.8216
2006-12-21;0.8213;0.8216;0.8214
2006-12-22;0.8206;0.8211;0.8208
2006-12-25;0.8206;0.8211;0.8208
2006-12-26;0.8194;0.8199;0.8196
2006-12-27;0.8159;0.8163;0.8161
2006-12-28;0.8181;0.8184;0.8182
2006-12-29;0.819;0.8194;0.8192
2007-01-01;0.819;0.8194;0.8192
2007-01-02;0.8238;0.8242;0.824
2007-01-03;0.817;0.8174;0.8172
2007-01-04;0.8123;0.8127;0.8125
2007-01-05;0.8073;0.8077;0.8075
2007-01-08;0.8082;0.8086;0.8084
2007-01-09;0.8056;0.806;0.8058
2007-01-10;0.8024;0.8028;0.8026
2007-01-11;0.8001;0.8005;0.8003
2007-01-12;0.8017;0.8021;0.8019
2007-01-15;0.8014;0.8017;0.8015
2007-01-16;0.801;0.8013;0.8011
2007-01-17;0.8026;0.803;0.8028
2007-01-18;0.8006;0.8011;0.8008
2007-01-19;0.7998;0.8002;0.8
2007-01-22;0.8008;0.8012;0.801
2007-01-23;0.8065;0.807;0.8067
2007-01-24;0.801;0.8014;0.8012
2007-01-25;0.8032;0.8036;0.8034
2007-01-26;0.7975;0.7979;0.7977
2007-01-29;0.7969;0.7973;0.7971
2007-01-30;0.798;0.7984;0.7982
2007-01-31;0.8012;0.8016;0.8014
2007-02-01;0.8044;0.8048;0.8046
2007-02-02;0.8022;0.8026;0.8024
2007-02-05;0.8009;0.8013;0.8011
2007-02-06;0.8034;0.8039;0.8036
2007-02-07;0.8065;0.807;0.8067
2007-02-08;0.8026;0.803;0.8028
2007-02-09;0.8;0.8004;0.8002
2007-02-12;0.7982;0.7986;0.7984
2007-02-13;0.8;0.8004;0.8002
2007-02-14;0.8058;0.8062;0.806
2007-02-15;0.8092;0.8097;0.8094
2007-02-16;0.8089;0.8094;0.8091
2007-02-19;0.8104;0.8108;0.8106
2007-02-20;0.8091;0.8095;0.8093
2007-02-21;0.8071;0.8075;0.8073
2007-02-22;0.8049;0.8054;0.8051
2007-02-23;0.8112;0.8116;0.8114
2007-02-26;0.812;0.8125;0.8122
2007-02-27;0.8186;0.8191;0.8188
2007-02-28;0.8186;0.8191;0.8188
2007-03-01;0.8175;0.818;0.8177
2007-03-02;0.8195;0.82;0.8197
2007-03-05;0.8182;0.8187;0.8184
2007-03-06;0.8175;0.818;0.8177
2007-03-07;0.8187;0.8192;0.8189
2007-03-08;0.8136;0.814;0.8138
2007-03-09;0.8109;0.8113;0.8111
2007-03-12;0.816;0.8164;0.8162
2007-03-13;0.8183;0.8187;0.8185
2007-03-14;0.8236;0.824;0.8238
2007-03-15;0.8232;0.8237;0.8234
2007-03-16;0.8276;0.828;0.8278
2007-03-19;0.8245;0.8249;0.8247
2007-03-20;0.8237;0.8241;0.8239
2007-03-21;0.8227;0.8232;0.8229
2007-03-22;0.8252;0.8257;0.8254
2007-03-23;0.8214;0.8218;0.8216
2007-03-26;0.8234;0.8237;0.8235
2007-03-27;0.8234;0.8239;0.8236
2007-03-28;0.8269;0.8273;0.8271
2007-03-29;0.821;0.8215;0.8212
2007-03-30;0.8189;0.8193;0.8191
2007-04-02;0.8238;0.8243;0.824
2007-04-03;0.8209;0.8213;0.8211
2007-04-04;0.8207;0.8212;0.8209
2007-04-05;0.8241;0.8245;0.8243
2007-04-06;0.8241;0.8245;0.8243
2007-04-09;0.8164;0.8169;0.8166
2007-04-10;0.8222;0.8227;0.8224
2007-04-11;0.8206;0.8211;0.8208
2007-04-12;0.823;0.8235;0.8232
2007-04-13;0.8224;0.8228;0.8226
2007-04-16;0.8242;0.8246;0.8244
2007-04-17;0.8264;0.8269;0.8266
2007-04-18;0.8296;0.8301;0.8298
2007-04-19;0.8306;0.831;0.8308
2007-04-20;0.8273;0.8277;0.8275
2007-04-23;0.8258;0.8263;0.826
2007-04-24;0.8313;0.8316;0.8314
2007-04-25;0.8318;0.8322;0.832
2007-04-26;0.8278;0.8282;0.828
2007-04-27;0.8301;0.8305;0.8303
2007-04-30;0.8285;0.8289;0.8287
2007-05-01;0.8233;0.8237;0.8235
2007-05-02;0.8236;0.824;0.8238
2007-05-03;0.8232;0.8236;0.8234
2007-05-04;0.8256;0.826;0.8258
2007-05-07;0.8268;0.8272;0.827
2007-05-08;0.8205;0.8209;0.8207
2007-05-09;0.8222;0.8226;0.8224
2007-05-10;0.8192;0.8197;0.8194
2007-05-11;0.8208;0.8213;0.821
2007-05-14;0.8196;0.82;0.8198
2007-05-15;0.8229;0.8233;0.8231
2007-05-16;0.8205;0.8209;0.8207
2007-05-17;0.8152;0.8156;0.8154
2007-05-18;0.8147;0.8152;0.8149
2007-05-21;0.8125;0.8129;0.8127
2007-05-22;0.8128;0.8131;0.8129
2007-05-23;0.8157;0.8162;0.8159
2007-05-24;0.8137;0.8141;0.8139
2007-05-25;0.8147;0.8151;0.8149
2007-05-28;0.8147;0.8151;0.8149
2007-05-29;0.8171;0.8176;0.8173
2007-05-30;0.816;0.8164;0.8162
2007-05-31;0.8158;0.8162;0.816
2007-06-01;0.8122;0.8126;0.8124
2007-06-04;0.8168;0.8173;0.817
2007-06-05;0.8196;0.82;0.8198
2007-06-06;0.8211;0.8215;0.8213
2007-06-07;0.8167;0.8171;0.8169
2007-06-08;0.8103;0.8107;0.8105
2007-06-11;0.8064;0.8068;0.8066
2007-06-12;0.8048;0.8052;0.805
2007-06-13;0.8039;0.8043;0.8041
2007-06-14;0.8028;0.8033;0.803
2007-06-15;0.8045;0.8049;0.8047
2007-06-18;0.8054;0.8058;0.8056
2007-06-19;0.8059;0.8063;0.8061
2007-06-20;0.8079;0.8082;0.808
2007-06-21;0.8058;0.8063;0.806
2007-06-22;0.8105;0.8109;0.8107
2007-06-25;0.8128;0.8133;0.813
2007-06-26;0.814;0.8144;0.8142
2007-06-27;0.8137;0.8142;0.8139
2007-06-28;0.8136;0.814;0.8138
2007-06-29;0.8158;0.8161;0.8159
2007-07-02;0.8254;0.8259;0.8256
2007-07-03;0.8225;0.8229;0.8227
2007-07-04;0.8219;0.8223;0.8221
2007-07-05;0.8209;0.8213;0.8211
2007-07-06;0.8209;0.8213;0.8211
2007-07-09;0.8218;0.8222;0.822
2007-07-10;0.8281;0.8285;0.8283
2007-07-11;0.832;0.8325;0.8322
2007-07-12;0.8306;0.831;0.8308
2007-07-13;0.8307;0.8312;0.8309
2007-07-16;0.8308;0.8312;0.831
2007-07-17;0.8316;0.832;0.8318
2007-07-18;0.8338;0.8342;0.834
2007-07-19;0.8327;0.8331;0.8329
2007-07-20;0.8329;0.8333;0.8331
2007-07-23;0.8289;0.8294;0.8291
2007-07-24;0.83;0.8304;0.8302
2007-07-25;0.8231;0.8235;0.8233
2007-07-26;0.8271;0.8276;0.8273
2007-07-27;0.8274;0.8278;0.8276
2007-07-30;0.8319;0.8323;0.8321
2007-07-31;0.8308;0.8312;0.831
2007-08-01;0.8324;0.8328;0.8326
2007-08-02;0.829;0.8294;0.8292
2007-08-03;0.8367;0.8371;0.8369
2007-08-06;0.8432;0.8436;0.8434
2007-08-07;0.8383;0.8387;0.8385
2007-08-08;0.8375;0.838;0.8377
2007-08-09;0.8358;0.8363;0.836
2007-08-10;0.8362;0.8366;0.8364
2007-08-13;0.829;0.8294;0.8292
2007-08-14;0.8272;0.8277;0.8274
2007-08-15;0.821;0.8215;0.8212
2007-08-16;0.8205;0.8209;0.8207
2007-08-17;0.8311;0.8315;0.8313
2007-08-20;0.8283;0.8288;0.8285
2007-08-21;0.8309;0.8313;0.8311
2007-08-22;0.828;0.8283;0.8281
2007-08-23;0.8281;0.8285;0.8283
2007-08-24;0.8328;0.8332;0.833
2007-08-27;0.8306;0.831;0.8308
2007-08-28;0.8333;0.8338;0.8335
2007-08-29;0.8334;0.8338;0.8336
2007-08-30;0.8303;0.8307;0.8305
2007-08-31;0.8274;0.8278;0.8276
2007-09-03;0.8269;0.8273;0.8271
2007-09-04;0.8243;0.8247;0.8245
2007-09-05;0.8293;0.8297;0.8295
2007-09-06;0.8324;0.8329;0.8326
2007-09-07;0.8406;0.841;0.8408
2007-09-10;0.8426;0.8431;0.8428
2007-09-11;0.8433;0.8437;0.8435
2007-09-12;0.844;0.8444;0.8442
2007-09-13;0.8413;0.8418;0.8415
2007-09-14;0.8403;0.8407;0.8405
2007-09-17;0.8414;0.8418;0.8416
2007-09-18;0.8406;0.8411;0.8408
2007-09-19;0.843;0.8434;0.8432
2007-09-20;0.8538;0.8543;0.854
2007-09-21;0.853;0.8534;0.8532
2007-09-24;0.852;0.8525;0.8522
2007-09-25;0.8558;0.8563;0.856
2007-09-26;0.8538;0.8542;0.854
2007-09-27;0.8524;0.8528;0.8526
2007-09-28;0.8558;0.8562;0.856
2007-10-01;0.857;0.8574;0.8572
2007-10-02;0.8506;0.8511;0.8508
2007-10-03;0.8488;0.8492;0.849
2007-10-04;0.8506;0.851;0.8508
2007-10-05;0.8494;0.8497;0.8495
2007-10-08;0.844;0.8444;0.8442
2007-10-09;0.8451;0.8455;0.8453
2007-10-10;0.8473;0.8477;0.8475
2007-10-11;0.8483;0.8488;0.8485
2007-10-12;0.8442;0.8446;0.8444
2007-10-15;0.8474;0.8477;0.8475
2007-10-16;0.8448;0.8452;0.845
2007-10-17;0.8459;0.8464;0.8461
2007-10-18;0.8542;0.8546;0.8544
2007-10-19;0.8529;0.8533;0.8531
2007-10-22;0.8494;0.8499;0.8496
2007-10-23;0.8517;0.8522;0.8519
2007-10-24;0.8523;0.8527;0.8525
2007-10-25;0.856;0.8565;0.8562
2007-10-26;0.8595;0.86;0.8597
2007-10-29;0.8579;0.8583;0.8581
2007-10-30;0.8608;0.8612;0.861
2007-10-31;0.8626;0.863;0.8628
2007-11-01;0.8622;0.8627;0.8624
2007-11-02;0.8661;0.8665;0.8663
2007-11-05;0.8669;0.8673;0.8671
2007-11-06;0.8731;0.8736;0.8733
2007-11-07;0.8817;0.8822;0.8819
2007-11-08;0.8864;0.8868;0.8866
2007-11-09;0.8917;0.8921;0.8919
2007-11-12;0.8869;0.8873;0.8871
2007-11-13;0.8891;0.8896;0.8893
2007-11-14;0.8919;0.8924;0.8921
2007-11-15;0.8892;0.8896;0.8894
2007-11-16;0.8939;0.8944;0.8941
2007-11-19;0.8949;0.8954;0.8951
2007-11-20;0.9004;0.9008;0.9006
2007-11-21;0.9052;0.9057;0.9054
2007-11-22;0.908;0.9084;0.9082
2007-11-23;0.9066;0.9071;0.9068
2007-11-26;0.9062;0.9067;0.9064
2007-11-27;0.9078;0.9082;0.908
2007-11-28;0.8952;0.8956;0.8954
2007-11-29;0.8953;0.8958;0.8955
2007-11-30;0.8855;0.8859;0.8857
2007-12-03;0.8858;0.8863;0.886
2007-12-04;0.8941;0.8946;0.8943
2007-12-05;0.8885;0.8889;0.8887
2007-12-06;0.8859;0.8864;0.8861
2007-12-07;0.885;0.8854;0.8852
2007-12-10;0.8866;0.8871;0.8868
2007-12-11;0.8824;0.8828;0.8826
2007-12-12;0.8798;0.8802;0.88
2007-12-13;0.8753;0.8757;0.8755
2007-12-14;0.8671;0.8675;0.8673
2007-12-17;0.8669;0.8673;0.8671
2007-12-18;0.8675;0.8679;0.8677
2007-12-19;0.8656;0.8661;0.8658
2007-12-20;0.8646;0.865;0.8648
2007-12-21;0.8646;0.865;0.8648
2007-12-24;0.8634;0.8639;0.8636
2007-12-25;0.8634;0.8639;0.8636
2007-12-26;0.8691;0.8695;0.8693
2007-12-27;0.8743;0.8747;0.8745
2007-12-28;0.8855;0.886;0.8857
2007-12-31;0.8831;0.8835;0.8833
2008-01-01;0.8831;0.8835;0.8833
2008-01-02;0.8943;0.8947;0.8945
2008-01-03;0.8969;0.8974;0.8971
2008-01-04;0.9032;0.9036;0.9034
2008-01-07;0.8981;0.8985;0.8983
2008-01-08;0.8966;0.897;0.8968
2008-01-09;0.8969;0.8973;0.8971
2008-01-10;0.9027;0.9032;0.9029
2008-01-11;0.9074;0.9078;0.9076
2008-01-14;0.9145;0.915;0.9147
2008-01-15;0.9172;0.9177;0.9174
2008-01-16;0.9111;0.9115;0.9113
2008-01-17;0.9086;0.909;0.9088
2008-01-18;0.9075;0.9079;0.9077
2008-01-21;0.9052;0.9056;0.9054
2008-01-22;0.9108;0.9112;0.911
2008-01-23;0.9161;0.9165;0.9163
2008-01-24;0.9189;0.9193;0.9191
2008-01-25;0.9121;0.9125;0.9123
2008-01-28;0.9183;0.9187;0.9185
2008-01-29;0.9143;0.9147;0.9145
2008-01-30;0.9149;0.9153;0.9151
2008-01-31;0.9219;0.9223;0.9221
2008-02-01;0.9238;0.9242;0.924
2008-02-04;0.9172;0.9177;0.9174
2008-02-05;0.9081;0.9085;0.9083
2008-02-06;0.9118;0.9122;0.912
2008-02-07;0.9065;0.907;0.9067
2008-02-08;0.9046;0.905;0.9048
2008-02-11;0.9058;0.9063;0.906
2008-02-12;0.9086;0.9091;0.9088
2008-02-13;0.9024;0.9029;0.9026
2008-02-14;0.9079;0.9083;0.9081
2008-02-15;0.9163;0.9167;0.9165
2008-02-18;0.9073;0.9078;0.9075
2008-02-19;0.9145;0.9149;0.9147
2008-02-20;0.9081;0.9085;0.9083
2008-02-21;0.9133;0.9137;0.9135
2008-02-22;0.9205;0.9209;0.9207
2008-02-25;0.918;0.9185;0.9182
2008-02-26;0.9216;0.9221;0.9218
2008-02-27;0.9375;0.938;0.9377
2008-02-28;0.9495;0.9499;0.9497
2008-02-29;0.9578;0.9583;0.958
2008-03-03;0.9594;0.9598;0.9596
2008-03-04;0.9669;0.9673;0.9671
2008-03-05;0.9651;0.9656;0.9653
2008-03-06;0.9715;0.972;0.9717
2008-03-07;0.9753;0.9757;0.9755
2008-03-10;0.9809;0.9814;0.9811
2008-03-11;0.9712;0.9716;0.9714
2008-03-12;0.9785;0.979;0.9787
2008-03-13;0.9881;0.9886;0.9883
2008-03-14;0.9928;0.9933;0.993
2008-03-17;1.014;1.0145;1.0142
2008-03-18;1.0099;1.0104;1.0101
2008-03-19;0.999;0.9995;0.9992
2008-03-20;0.9891;0.9895;0.9893
2008-03-21;0.9891;0.9895;0.9893
2008-03-24;0.9774;0.9779;0.9776
2008-03-25;0.991;0.9915;0.9912
2008-03-26;1.0041;1.0045;1.0043
2008-03-27;1.0066;1.007;1.0068
2008-03-28;1.0015;1.002;1.0017
2008-03-31;1.0108;1.0113;1.011
2008-04-01;0.9877;0.9882;0.9879
2008-04-02;0.985;0.9855;0.9852
2008-04-03;0.9887;0.9892;0.9889
2008-04-04;0.9967;0.9971;0.9969
2008-04-07;0.9858;0.9863;0.986
2008-04-08;0.9856;0.986;0.9858
2008-04-09;0.9935;0.9941;0.9938
2008-04-10;1.0001;1.0006;1.0003
2008-04-11;0.9984;0.9989;0.9986
2008-04-14;1.0034;1.0038;1.0036
2008-04-15;0.998;0.9985;0.9982
2008-04-16;1.0011;1.0016;1.0013
2008-04-17;0.9949;0.9953;0.9951
2008-04-18;0.9751;0.9756;0.9753
2008-04-21;0.9908;0.9913;0.991
2008-04-22;0.9947;0.9952;0.9949
2008-04-23;0.9843;0.9847;0.9845
2008-04-24;0.969;0.9694;0.9692
2008-04-25;0.9686;0.969;0.9688
2008-04-28;0.9673;0.9678;0.9675
2008-04-29;0.9682;0.9688;0.9685
2008-04-30;0.9599;0.9603;0.9601
2008-05-01;0.9539;0.9543;0.9541
2008-05-02;0.9447;0.9452;0.9449
2008-05-05;0.9482;0.9486;0.9484
2008-05-06;0.9545;0.9549;0.9547
2008-05-07;0.9462;0.9467;0.9464
2008-05-08;0.9527;0.9532;0.9529
2008-05-09;0.9576;0.958;0.9578
2008-05-12;0.9562;0.9566;0.9564
2008-05-13;0.9512;0.9518;0.9515
2008-05-14;0.9468;0.9472;0.947
2008-05-15;0.9475;0.948;0.9477
2008-05-16;0.9541;0.9546;0.9543
2008-05-19;0.9489;0.9494;0.9491
2008-05-20;0.9616;0.9621;0.9618
2008-05-21;0.9715;0.972;0.9717
2008-05-22;0.9685;0.9689;0.9687
2008-05-23;0.9757;0.9761;0.9759
2008-05-26;0.9756;0.9761;0.9758
2008-05-27;0.971;0.9715;0.9712
2008-05-28;0.9624;0.9629;0.9626
2008-05-29;0.9543;0.9548;0.9545
2008-05-30;0.9569;0.9574;0.9571
2008-06-02;0.9603;0.9607;0.9605
2008-06-03;0.9579;0.9583;0.9581
2008-06-04;0.9606;0.961;0.9608
2008-06-05;0.9604;0.9608;0.9606
2008-06-06;0.9773;0.9778;0.9775
2008-06-09;0.9768;0.9772;0.977
2008-06-10;0.9617;0.9621;0.9619
2008-06-11;0.9663;0.9668;0.9665
2008-06-12;0.957;0.9575;0.9572
2008-06-13;0.9516;0.952;0.9518
2008-06-16;0.9575;0.958;0.9577
2008-06-17;0.9572;0.9576;0.9574
2008-06-18;0.9618;0.9622;0.962
2008-06-19;0.9556;0.9561;0.9558
2008-06-20;0.9669;0.9673;0.9671
2008-06-23;0.9539;0.9544;0.9541
2008-06-24;0.9629;0.9634;0.9631
2008-06-25;0.9588;0.9593;0.959
2008-06-26;0.9736;0.9741;0.9738
2008-06-27;0.9802;0.9807;0.9804
2008-06-30;0.9815;0.982;0.9817
2008-07-01;0.9794;0.9798;0.9796
2008-07-02;0.9835;0.9839;0.9837
2008-07-03;0.9743;0.9748;0.9745
2008-07-04;0.9765;0.977;0.9767
2008-07-07;0.9689;0.9694;0.9691
2008-07-08;0.9712;0.9716;0.9714
2008-07-09;0.9697;0.9702;0.9699
2008-07-10;0.9743;0.9748;0.9745
2008-07-11;0.9831;0.9835;0.9833
2008-07-14;0.9811;0.9815;0.9813
2008-07-15;0.995;0.9955;0.9952
2008-07-16;0.9836;0.9841;0.9838
2008-07-17;0.9833;0.9837;0.9835
2008-07-18;0.9789;0.9795;0.9792
2008-07-21;0.978;0.9785;0.9782
2008-07-22;0.9761;0.9766;0.9763
2008-07-23;0.9627;0.9631;0.9629
2008-07-24;0.9628;0.9632;0.963
2008-07-25;0.9616;0.9621;0.9618
2008-07-28;0.9662;0.9667;0.9664
2008-07-29;0.9564;0.9569;0.9566
2008-07-30;0.953;0.9534;0.9532
2008-07-31;0.954;0.9544;0.9542
2008-08-01;0.9534;0.9538;0.9536
2008-08-04;0.9564;0.9568;0.9566
2008-08-05;0.9491;0.9495;0.9493
2008-08-06;0.9444;0.9449;0.9446
2008-08-07;0.9434;0.9438;0.9436
2008-08-08;0.9244;0.9249;0.9246
2008-08-11;0.9255;0.9259;0.9257
2008-08-12;0.9196;0.92;0.9198
2008-08-13;0.9188;0.9194;0.9191
2008-08-14;0.9192;0.9196;0.9194
2008-08-15;0.9117;0.9122;0.9119
2008-08-18;0.9096;0.91;0.9098
2008-08-19;0.9123;0.9127;0.9125
2008-08-20;0.9108;0.9112;0.911
2008-08-21;0.9206;0.921;0.9208
2008-08-22;0.912;0.9124;0.9122
2008-08-25;0.9126;0.9131;0.9128
2008-08-26;0.9081;0.9086;0.9083
2008-08-27;0.9094;0.9098;0.9096
2008-08-28;0.9123;0.9127;0.9125
2008-08-29;0.9102;0.9107;0.9104
2008-09-01;0.9065;0.9069;0.9067
2008-09-02;0.9032;0.9036;0.9034
2008-09-03;0.901;0.9014;0.9012
2008-09-04;0.9;0.9005;0.9002
2008-09-05;0.9015;0.902;0.9017
2008-09-08;0.8884;0.8888;0.8886
2008-09-09;0.8855;0.8859;0.8857
2008-09-10;0.8817;0.8821;0.8819
2008-09-11;0.8766;0.877;0.8768
2008-09-12;0.8829;0.8833;0.8831
2008-09-15;0.8919;0.8923;0.8921
2008-09-16;0.8906;0.8911;0.8908
2008-09-17;0.8944;0.8948;0.8946
2008-09-18;0.9095;0.9099;0.9097
2008-09-19;0.9026;0.9031;0.9028
2008-09-22;0.9182;0.9186;0.9184
2008-09-23;0.9242;0.9247;0.9244
2008-09-24;0.9186;0.919;0.9188
2008-09-25;0.9206;0.9211;0.9208
2008-09-26;0.919;0.9194;0.9192
2008-09-29;0.9146;0.9151;0.9148
2008-09-30;0.8916;0.892;0.8918
2008-10-01;0.8918;0.8924;0.8921
2008-10-02;0.8788;0.8793;0.879
2008-10-03;0.8827;0.8832;0.8829
2008-10-06;0.8722;0.8727;0.8724
2008-10-07;0.876;0.8764;0.8762
2008-10-08;0.8831;0.8836;0.8833
2008-10-09;0.8833;0.8837;0.8835
2008-10-10;0.8904;0.891;0.8907
2008-10-13;0.8836;0.8841;0.8838
2008-10-14;0.88;0.8805;0.8802
2008-10-15;0.8816;0.8821;0.8818
2008-10-16;0.884;0.8845;0.8842
2008-10-17;0.8819;0.8823;0.8821
2008-10-20;0.8683;0.8688;0.8685
2008-10-21;0.8659;0.8663;0.8661
2008-10-22;0.8611;0.8616;0.8613
2008-10-23;0.8601;0.8605;0.8603
2008-10-24;0.8676;0.8684;0.868
2008-10-27;0.8632;0.8639;0.8635
2008-10-28;0.8609;0.8614;0.8611
2008-10-29;0.8791;0.8797;0.8794
2008-10-30;0.8749;0.8753;0.8751
2008-10-31;0.8557;0.8565;0.8561
2008-11-03;0.8581;0.8586;0.8583
2008-11-04;0.8638;0.8642;0.864
2008-11-05;0.8624;0.8629;0.8626
2008-11-06;0.852;0.8525;0.8522
2008-11-07;0.8503;0.8508;0.8505
2008-11-10;0.8503;0.8508;0.8505
2008-11-11;0.8451;0.8456;0.8453
2008-11-12;0.8475;0.848;0.8477
2008-11-13;0.8376;0.8381;0.8378
2008-11-14;0.8386;0.8391;0.8388
2008-11-17;0.8339;0.8345;0.8342
2008-11-18;0.8329;0.8334;0.8331
2008-11-19;0.8285;0.829;0.8287
2008-11-20;0.8197;0.8201;0.8199
2008-11-21;0.8163;0.8168;0.8165
2008-11-24;0.831;0.8315;0.8312
2008-11-25;0.8404;0.8409;0.8406
2008-11-26;0.8321;0.8325;0.8323
2008-11-27;0.8321;0.8325;0.8323
2008-11-28;0.823;0.8235;0.8232
2008-12-01;0.8259;0.8264;0.8261
2008-12-02;0.8299;0.8303;0.8301
2008-12-03;0.8242;0.8246;0.8244
2008-12-04;0.828;0.8285;0.8282
2008-12-05;0.8181;0.8186;0.8183
2008-12-08;0.8305;0.8309;0.8307
2008-12-09;0.8263;0.8267;0.8265
2008-12-10;0.8337;0.8341;0.8339
2008-12-11;0.8398;0.8403;0.84
2008-12-12;0.8489;0.8493;0.8491
2008-12-15;0.8632;0.8636;0.8634
2008-12-16;0.8724;0.8728;0.8726
2008-12-17;0.9212;0.9218;0.9215
2008-12-18;0.9428;0.9433;0.943
2008-12-19;0.9019;0.9023;0.9021
2008-12-22;0.9104;0.9108;0.9106
2008-12-23;0.921;0.9216;0.9213
2008-12-24;0.9301;0.9307;0.9304
2008-12-25;0.9301;0.9307;0.9304
2008-12-26;0.9341;0.9346;0.9343
2008-12-29;0.9602;0.9608;0.9605
2008-12-30;0.95;0.9505;0.9502
2008-12-31;0.9391;0.9399;0.9395
2009-01-01;0.9391;0.9399;0.9395
2009-01-02;0.9334;0.934;0.9337
2009-01-05;0.9073;0.9078;0.9075
2009-01-06;0.888;0.8885;0.8882
2009-01-07;0.9096;0.9101;0.9098
2009-01-08;0.915;0.9156;0.9153
2009-01-09;0.9019;0.9024;0.9021
2009-01-12;0.8958;0.8962;0.896
2009-01-13;0.8894;0.8899;0.8896
2009-01-14;0.894;0.8946;0.8943
2009-01-15;0.888;0.8885;0.8882
2009-01-16;0.8932;0.8937;0.8934
2009-01-19;0.8838;0.8844;0.8841
2009-01-20;0.8725;0.873;0.8727
2009-01-21;0.8715;0.872;0.8717
2009-01-22;0.8668;0.8673;0.867
2009-01-23;0.855;0.8555;0.8552
2009-01-26;0.8723;0.8727;0.8725
2009-01-27;0.8778;0.8782;0.878
2009-01-28;0.8726;0.8731;0.8728
2009-01-29;0.873;0.8735;0.8732
2009-01-30;0.8613;0.8618;0.8615
2009-02-02;0.8586;0.8591;0.8588
2009-02-03;0.8733;0.8738;0.8735
2009-02-04;0.8641;0.8646;0.8643
2009-02-05;0.8589;0.8594;0.8591
2009-02-06;0.8549;0.8553;0.8551
2009-02-09;0.8645;0.8649;0.8647
2009-02-10;0.8662;0.8666;0.8664
2009-02-11;0.8609;0.8613;0.8611
2009-02-12;0.8567;0.8571;0.8569
2009-02-13;0.8628;0.8633;0.863
2009-02-16;0.8617;0.8622;0.8619
2009-02-17;0.8496;0.85;0.8498
2009-02-18;0.8475;0.848;0.8477
2009-02-19;0.8523;0.8527;0.8525
2009-02-20;0.8487;0.8491;0.8489
2009-02-23;0.8582;0.8587;0.8584
2009-02-24;0.8566;0.857;0.8568
2009-02-25;0.8562;0.8566;0.8564
2009-02-26;0.8562;0.8566;0.8564
2009-02-27;0.8582;0.8586;0.8584
2009-03-02;0.852;0.8524;0.8522
2009-03-03;0.849;0.8495;0.8492
2009-03-04;0.8474;0.8478;0.8476
2009-03-05;0.8508;0.8513;0.851
2009-03-06;0.8673;0.8677;0.8675
2009-03-09;0.8594;0.8599;0.8596
2009-03-10;0.8662;0.8667;0.8664
2009-03-11;0.863;0.8635;0.8632
2009-03-12;0.8407;0.8412;0.8409
2009-03-13;0.8413;0.8419;0.8416
2009-03-16;0.8456;0.846;0.8458
2009-03-17;0.8453;0.8457;0.8455
2009-03-18;0.8568;0.8573;0.857
2009-03-19;0.8938;0.8943;0.894
2009-03-20;0.8893;0.8898;0.8895
2009-03-23;0.8853;0.8858;0.8855
2009-03-24;0.8859;0.8863;0.8861
2009-03-25;0.8897;0.8901;0.8899
2009-03-26;0.8871;0.8876;0.8873
2009-03-27;0.8741;0.8746;0.8743
2009-03-30;0.868;0.8685;0.8682
2009-03-31;0.8792;0.8798;0.8795
2009-04-01;0.8721;0.8726;0.8723
2009-04-02;0.882;0.8824;0.8822
2009-04-03;0.8813;0.8817;0.8815
2009-04-06;0.8795;0.8801;0.8798
2009-04-07;0.8737;0.8742;0.8739
2009-04-08;0.8704;0.8709;0.8706
2009-04-09;0.8676;0.868;0.8678
2009-04-10;0.8676;0.868;0.8678
2009-04-13;0.8779;0.8783;0.8781
2009-04-14;0.8757;0.8762;0.8759
2009-04-15;0.8715;0.8719;0.8717
2009-04-16;0.8711;0.8716;0.8713
2009-04-17;0.858;0.8585;0.8582
2009-04-20;0.8538;0.8542;0.854
2009-04-21;0.8573;0.8577;0.8575
2009-04-22;0.8602;0.8606;0.8604
2009-04-23;0.8625;0.863;0.8627
2009-04-24;0.8769;0.8774;0.8771
2009-04-27;0.8716;0.8721;0.8718
2009-04-28;0.868;0.8685;0.8682
2009-04-29;0.88;0.8804;0.8802
2009-04-30;0.8777;0.8783;0.878
2009-05-01;0.8792;0.8797;0.8794
2009-05-04;0.8836;0.8841;0.8838
2009-05-05;0.8831;0.8836;0.8833
2009-05-06;0.8813;0.8818;0.8815
2009-05-07;0.886;0.8865;0.8862
2009-05-08;0.8919;0.8923;0.8921
2009-05-11;0.9038;0.9043;0.904
2009-05-12;0.905;0.9054;0.9052
2009-05-13;0.9034;0.9039;0.9036
2009-05-14;0.9015;0.902;0.9017
2009-05-15;0.9049;0.9055;0.9052
2009-05-18;0.893;0.8935;0.8932
2009-05-19;0.8982;0.8987;0.8984
2009-05-20;0.9102;0.9107;0.9104
2009-05-21;0.9061;0.9065;0.9063
2009-05-22;0.9196;0.92;0.9198
2009-05-25;0.9225;0.9229;0.9227
2009-05-26;0.9226;0.9231;0.9228
2009-05-27;0.9206;0.9211;0.9208
2009-05-28;0.9217;0.9222;0.9219
2009-05-29;0.9375;0.9379;0.9377
2009-06-01;0.9328;0.9333;0.933
2009-06-02;0.942;0.9425;0.9422
2009-06-03;0.935;0.9355;0.9352
2009-06-04;0.9355;0.936;0.9357
2009-06-05;0.9227;0.9232;0.9229
2009-06-08;0.9137;0.9141;0.9139
2009-06-09;0.9229;0.9233;0.9231
2009-06-10;0.9249;0.9254;0.9251
2009-06-11;0.9309;0.9314;0.9311
2009-06-12;0.9258;0.9262;0.926
2009-06-15;0.9165;0.917;0.9167
2009-06-16;0.9214;0.9219;0.9216
2009-06-17;0.9206;0.9211;0.9208
2009-06-18;0.9242;0.9246;0.9244
2009-06-19;0.9219;0.9223;0.9221
2009-06-22;0.9211;0.9217;0.9214
2009-06-23;0.932;0.9324;0.9322
2009-06-24;0.9224;0.9229;0.9226
2009-06-25;0.9101;0.9106;0.9103
2009-06-26;0.9211;0.9215;0.9213
2009-06-29;0.9219;0.9223;0.9221
2009-06-30;0.9193;0.9197;0.9195
2009-07-01;0.9272;0.9277;0.9274
2009-07-02;0.922;0.9225;0.9222
2009-07-03;0.9208;0.9213;0.921
2009-07-06;0.9177;0.9182;0.9179
2009-07-07;0.9225;0.923;0.9227
2009-07-08;0.9168;0.9173;0.917
2009-07-09;0.9235;0.9239;0.9237
2009-07-10;0.9212;0.9217;0.9214
2009-07-13;0.9205;0.921;0.9207
2009-07-14;0.9187;0.9192;0.9189
2009-07-15;0.9282;0.9287;0.9284
2009-07-16;0.9299;0.9303;0.9301
2009-07-17;0.9272;0.9277;0.9274
2009-07-20;0.9345;0.9349;0.9347
2009-07-21;0.938;0.9385;0.9382
2009-07-22;0.9371;0.9377;0.9374
2009-07-23;0.9363;0.9367;0.9365
2009-07-24;0.9324;0.9329;0.9326
2009-07-27;0.9324;0.933;0.9327
2009-07-28;0.9299;0.9304;0.9301
2009-07-29;0.9219;0.9223;0.9221
2009-07-30;0.9172;0.9176;0.9174
2009-07-31;0.929;0.9294;0.9292
2009-08-03;0.9452;0.9458;0.9455
2009-08-04;0.9424;0.9428;0.9426
2009-08-05;0.9406;0.9411;0.9408
2009-08-06;0.938;0.9385;0.9382
2009-08-07;0.9257;0.9262;0.9259
2009-08-10;0.9224;0.9229;0.9226
2009-08-11;0.9243;0.9248;0.9245
2009-08-12;0.9283;0.9287;0.9285
2009-08-13;0.9339;0.9343;0.9341
2009-08-14;0.9332;0.9336;0.9334
2009-08-17;0.926;0.9265;0.9262
2009-08-18;0.9279;0.9284;0.9281
2009-08-19;0.9378;0.9383;0.938
2009-08-20;0.9378;0.9382;0.938
2009-08-21;0.9415;0.942;0.9417
2009-08-24;0.9414;0.9419;0.9416
2009-08-25;0.9439;0.9443;0.9441
2009-08-26;0.9353;0.9358;0.9355
2009-08-27;0.9344;0.9349;0.9346
2009-08-28;0.9473;0.9477;0.9475
2009-08-31;0.9459;0.9465;0.9462
2009-09-01;0.9438;0.9443;0.944
2009-09-02;0.9397;0.9402;0.9399
2009-09-03;0.9422;0.9427;0.9424
2009-09-04;0.9379;0.9384;0.9381
2009-09-07;0.9432;0.9437;0.9434
2009-09-08;0.9573;0.9578;0.9575
2009-09-09;0.9612;0.9617;0.9614
2009-09-10;0.961;0.9615;0.9612
2009-09-11;0.9653;0.9658;0.9655
2009-09-14;0.9664;0.967;0.9667
2009-09-15;0.9622;0.9627;0.9624
2009-09-16;0.967;0.9675;0.9672
2009-09-17;0.9716;0.9721;0.9718
2009-09-18;0.972;0.9725;0.9722
2009-09-21;0.9659;0.9664;0.9661
2009-09-22;0.976;0.9765;0.9762
2009-09-23;0.9763;0.9768;0.9765
2009-09-24;0.9733;0.9739;0.9736
2009-09-25;0.9727;0.9732;0.9729
2009-09-28;0.9692;0.9697;0.9694
2009-09-29;0.9618;0.9622;0.962
2009-09-30;0.9634;0.964;0.9637
2009-10-01;0.9604;0.9609;0.9606
2009-10-02;0.9664;0.967;0.9667
2009-10-05;0.9674;0.968;0.9677
2009-10-06;0.9752;0.9757;0.9754
2009-10-07;0.9678;0.9683;0.968
2009-10-08;0.9721;0.9727;0.9724
2009-10-09;0.9719;0.9724;0.9721
2009-10-12;0.9761;0.9767;0.9764
2009-10-13;0.9758;0.9763;0.976
2009-10-14;0.9823;0.9827;0.9825
2009-10-15;0.9866;0.9871;0.9868
2009-10-16;0.9803;0.9808;0.9805
2009-10-19;0.9871;0.9876;0.9873
2009-10-20;0.9875;0.9881;0.9878
2009-10-21;0.9933;0.9938;0.9935
2009-10-22;0.9927;0.9932;0.9929
2009-10-23;0.9918;0.9923;0.992
2009-10-26;0.9864;0.9869;0.9866
2009-10-27;0.9782;0.9787;0.9784
2009-10-28;0.9771;0.9776;0.9773
2009-10-29;0.9807;0.9812;0.9809
2009-10-30;0.9761;0.9766;0.9763
2009-11-02;0.9815;0.982;0.9817
2009-11-03;0.971;0.9715;0.9712
2009-11-04;0.9817;0.9822;0.9819
2009-11-05;0.9849;0.9854;0.9851
2009-11-06;0.9844;0.985;0.9847
2009-11-09;0.9929;0.9934;0.9931
2009-11-10;0.991;0.9916;0.9913
2009-11-11;0.992;0.9925;0.9922
2009-11-12;0.985;0.9854;0.9852
2009-11-13;0.9858;0.9863;0.986
2009-11-16;0.9926;0.993;0.9928
2009-11-17;0.9817;0.9821;0.9819
2009-11-18;0.9903;0.9909;0.9906
2009-11-19;0.9818;0.9822;0.982
2009-11-20;0.9806;0.9811;0.9808
2009-11-23;0.9907;0.9913;0.991
2009-11-24;0.9884;0.989;0.9887
2009-11-25;0.997;0.9974;0.9972
2009-11-26;0.9935;0.994;0.9937
2009-11-27;0.9942;0.9947;0.9944
2009-11-30;0.9956;0.996;0.9958
2009-12-01;1.0007;1.0012;1.0009
2009-12-02;1.0002;1.0007;1.0004
2009-12-03;1.0011;1.0016;1.0013
2009-12-04;0.9869;0.9875;0.9872
2009-12-07;0.9808;0.9813;0.981
2009-12-08;0.9754;0.9759;0.9756
2009-12-09;0.9755;0.976;0.9757
2009-12-10;0.9737;0.9743;0.974
2009-12-11;0.9666;0.9672;0.9669
2009-12-14;0.9692;0.9698;0.9695
2009-12-15;0.9621;0.9626;0.9623
2009-12-16;0.965;0.9655;0.9652
2009-12-17;0.9546;0.9552;0.9549
2009-12-18;0.9548;0.9554;0.9551
2009-12-21;0.9577;0.9582;0.9579
2009-12-22;0.9528;0.9534;0.9531
2009-12-23;0.9622;0.9627;0.9624
2009-12-24;0.9628;0.9633;0.963
2009-12-25;0.9628;0.9633;0.963
2009-12-28;0.9668;0.9673;0.967
2009-12-29;0.9685;0.9689;0.9687
2009-12-30;0.9604;0.9609;0.9606
2009-12-31;0.9671;0.9676;0.9673
2010-01-01;0.9671;0.9676;0.9673
2010-01-04;0.9726;0.9732;0.9729
2010-01-05;0.9695;0.9701;0.9698
2010-01-06;0.971;0.9714;0.9712
2010-01-07;0.9685;0.969;0.9688
2010-01-08;0.9688;0.9694;0.9691
2010-01-11;0.9848;0.9853;0.985
2010-01-12;0.985;0.9855;0.9852
2010-01-13;0.9809;0.9815;0.9812
2010-01-14;0.9784;0.979;0.9787
2010-01-15;0.9742;0.9747;0.9744
2010-01-18;0.9755;0.976;0.9757
2010-01-19;0.9671;0.9676;0.9673
2010-01-20;0.9569;0.9575;0.9572
2010-01-21;0.9551;0.9557;0.9554
2010-01-22;0.961;0.9616;0.9613
2010-01-25;0.9612;0.9618;0.9615
2010-01-26;0.9542;0.9548;0.9545
2010-01-27;0.9542;0.9548;0.9545
2010-01-28;0.9491;0.9497;0.9494
2010-01-29;0.9484;0.9489;0.9486
2010-02-01;0.9435;0.944;0.9437
2010-02-02;0.9463;0.9467;0.9465
2010-02-03;0.9441;0.9446;0.9443
2010-02-04;0.9398;0.9404;0.9401
2010-02-05;0.9311;0.9317;0.9314
2010-02-08;0.9349;0.9355;0.9352
2010-02-09;0.9367;0.9372;0.9369
2010-02-10;0.9345;0.935;0.9347
2010-02-11;0.9277;0.9283;0.928
2010-02-12;0.9263;0.9269;0.9266
2010-02-15;0.9272;0.9277;0.9274
2010-02-16;0.9331;0.9337;0.9334
2010-02-17;0.93;0.9304;0.9302
2010-02-18;0.9284;0.9288;0.9286
2010-02-19;0.9224;0.923;0.9227
2010-02-22;0.9276;0.9282;0.9279
2010-02-23;0.9258;0.9263;0.926
2010-02-24;0.9295;0.9301;0.9298
2010-02-25;0.9243;0.9248;0.9245
2010-02-26;0.9318;0.9324;0.9321
2010-03-01;0.9209;0.9214;0.9211
2010-03-02;0.9262;0.9267;0.9264
2010-03-03;0.9355;0.9361;0.9358
2010-03-04;0.9296;0.9302;0.9299
2010-03-05;0.9298;0.9303;0.93
2010-03-08;0.933;0.9335;0.9332
2010-03-09;0.9284;0.9289;0.9286
2010-03-10;0.9344;0.9349;0.9346
2010-03-11;0.935;0.9355;0.9352
2010-03-12;0.943;0.9435;0.9432
2010-03-15;0.9401;0.9406;0.9403
2010-03-16;0.947;0.9476;0.9473
2010-03-17;0.9475;0.9481;0.9478
2010-03-18;0.9403;0.9409;0.9406
2010-03-19;0.9417;0.9423;0.942
2010-03-22;0.9448;0.9454;0.9451
2010-03-23;0.9465;0.947;0.9467
2010-03-24;0.9352;0.9358;0.9355
2010-03-25;0.9345;0.9351;0.9348
2010-03-26;0.9376;0.9381;0.9378
2010-03-29;0.9406;0.9412;0.9409
2010-03-30;0.9373;0.9379;0.9376
2010-03-31;0.9497;0.9504;0.95
2010-04-01;0.955;0.9555;0.9552
2010-04-02;0.955;0.9555;0.9552
2010-04-05;0.9426;0.9431;0.9428
2010-04-06;0.9343;0.9348;0.9345
2010-04-07;0.9316;0.932;0.9318
2010-04-08;0.9322;0.9327;0.9324
2010-04-09;0.935;0.9355;0.9352
2010-04-12;0.9448;0.9454;0.9451
2010-04-13;0.9451;0.9456;0.9453
2010-04-14;0.9489;0.9494;0.9491
2010-04-15;0.9457;0.9463;0.946
2010-04-16;0.9424;0.9429;0.9426
2010-04-19;0.9392;0.9398;0.9395
2010-04-20;0.9377;0.9381;0.9379
2010-04-21;0.9345;0.9351;0.9348
2010-04-22;0.9279;0.9285;0.9282
2010-04-23;0.9307;0.9312;0.9309
2010-04-26;0.9287;0.9292;0.9289
2010-04-27;0.9277;0.9281;0.9279
2010-04-28;0.9209;0.9215;0.9212
2010-04-29;0.9233;0.9238;0.9235
2010-04-30;0.9274;0.9279;0.9276
2010-05-03;0.9194;0.9199;0.9196
2010-05-04;0.9095;0.9101;0.9098
2010-05-05;0.8978;0.8983;0.898
2010-05-06;0.9032;0.9037;0.9034
2010-05-07;0.8991;0.8996;0.8993
2010-05-10;0.9024;0.903;0.9027
2010-05-11;0.9017;0.9023;0.902
2010-05-12;0.9025;0.903;0.9027
2010-05-13;0.8969;0.8975;0.8972
2010-05-14;0.8864;0.887;0.8867
2010-05-17;0.8805;0.881;0.8807
2010-05-18;0.8822;0.8827;0.8824
2010-05-19;0.8668;0.8673;0.867
2010-05-20;0.8666;0.8671;0.8668
2010-05-21;0.8705;0.871;0.8707
2010-05-24;0.8632;0.8637;0.8634
2010-05-25;0.8599;0.8604;0.8601
2010-05-26;0.8629;0.8634;0.8631
2010-05-27;0.8613;0.8618;0.8615
2010-05-28;0.8637;0.8642;0.8639
2010-05-31;0.8653;0.8658;0.8655
2010-06-01;0.8672;0.8676;0.8674
2010-06-02;0.8624;0.8629;0.8626
2010-06-03;0.8666;0.867;0.8668
2010-06-04;0.8619;0.8624;0.8621
2010-06-07;0.8608;0.8613;0.861
2010-06-08;0.8681;0.8687;0.8684
2010-06-09;0.8746;0.8752;0.8749
2010-06-10;0.8749;0.8755;0.8752
2010-06-11;0.8697;0.8701;0.8699
2010-06-14;0.8799;0.8805;0.8802
2010-06-15;0.884;0.8845;0.8842
2010-06-16;0.886;0.8866;0.8863
2010-06-17;0.8976;0.8982;0.8979
2010-06-18;0.9009;0.9015;0.9012
2010-06-21;0.9017;0.9023;0.902
2010-06-22;0.903;0.9036;0.9033
2010-06-23;0.8997;0.9001;0.8999
2010-06-24;0.9056;0.9063;0.9059
2010-06-25;0.9117;0.9123;0.912
2010-06-28;0.9229;0.9236;0.9232
2010-06-29;0.9219;0.9226;0.9222
2010-06-30;0.927;0.9276;0.9273
2010-07-01;0.9411;0.9417;0.9414
2010-07-02;0.9383;0.9389;0.9386
2010-07-05;0.9405;0.9411;0.9408
2010-07-06;0.9454;0.9459;0.9456
2010-07-07;0.9483;0.9489;0.9486
2010-07-08;0.9512;0.9517;0.9514
2010-07-09;0.9454;0.9459;0.9456
2010-07-12;0.9406;0.9412;0.9409
2010-07-13;0.9484;0.9489;0.9486
2010-07-14;0.9475;0.9481;0.9478
2010-07-15;0.9593;0.9599;0.9596
2010-07-16;0.9536;0.9542;0.9539
2010-07-19;0.9504;0.9509;0.9506
2010-07-20;0.9538;0.9544;0.9541
2010-07-21;0.9513;0.952;0.9516
2010-07-22;0.9593;0.9598;0.9595
2010-07-23;0.949;0.9496;0.9493
2010-07-26;0.954;0.9546;0.9543
2010-07-27;0.9411;0.9416;0.9413
2010-07-28;0.9467;0.9472;0.9469
2010-07-29;0.961;0.9616;0.9613
2010-07-30;0.9555;0.9561;0.9558
2010-08-02;0.9641;0.9647;0.9644
2010-08-03;0.9627;0.9633;0.963
2010-08-04;0.9516;0.9522;0.9519
2010-08-05;0.9542;0.9547;0.9544
2010-08-06;0.9655;0.966;0.9657
2010-08-09;0.9567;0.9573;0.957
2010-08-10;0.9444;0.945;0.9447
2010-08-11;0.9456;0.9462;0.9459
2010-08-12;0.9517;0.9523;0.952
2010-08-13;0.9495;0.9501;0.9498
2010-08-16;0.9622;0.9628;0.9625
2010-08-17;0.9586;0.9592;0.9589
2010-08-18;0.9597;0.9604;0.96
2010-08-19;0.9709;0.9716;0.9712
2010-08-20;0.9645;0.965;0.9647
2010-08-23;0.9612;0.9618;0.9615
2010-08-24;0.9688;0.9694;0.9691
2010-08-25;0.9707;0.9713;0.971
2010-08-26;0.9757;0.9762;0.9759
2010-08-27;0.9722;0.9729;0.9725
2010-08-30;0.9759;0.9766;0.9762
2010-08-31;0.9859;0.9865;0.9862
2010-09-01;0.983;0.9837;0.9833
2010-09-02;0.9871;0.9878;0.9874
2010-09-03;0.9833;0.9839;0.9836
2010-09-06;0.987;0.9877;0.9873
2010-09-07;0.9888;0.9894;0.9891
2010-09-08;0.9901;0.9908;0.9904
2010-09-09;0.9887;0.9894;0.989
2010-09-10;0.978;0.9786;0.9783
2010-09-13;0.9916;0.9922;0.9919
2010-09-14;1.0043;1.005;1.0046
2010-09-15;0.9982;0.9989;0.9985
2010-09-16;0.9865;0.9871;0.9868
2010-09-17;0.9892;0.9897;0.9894
2010-09-20;0.995;0.9956;0.9953
2010-09-21;0.9958;0.9964;0.9961
2010-09-22;1.0147;1.0153;1.015
2010-09-23;1.0155;1.0162;1.0158
2010-09-24;1.0168;1.0174;1.0171
2010-09-27;1.0164;1.017;1.0167
2010-09-28;1.0229;1.0236;1.0232
2010-09-29;1.0245;1.0252;1.0248
2010-09-30;1.0232;1.0239;1.0235
2010-10-01;1.025;1.0256;1.0253
2010-10-04;1.0274;1.0279;1.0276
2010-10-05;1.0355;1.036;1.0357
2010-10-06;1.0379;1.0384;1.0381
2010-10-07;1.0343;1.0349;1.0346
2010-10-08;1.0399;1.0404;1.0401
2010-10-11;1.0356;1.0363;1.0359
2010-10-12;1.0418;1.0423;1.042
2010-10-13;1.0427;1.0433;1.043
2010-10-14;1.0487;1.0492;1.0489
2010-10-15;1.0442;1.0447;1.0444
2010-10-18;1.0469;1.0476;1.0472
2010-10-19;1.0263;1.0268;1.0265
2010-10-20;1.0422;1.0428;1.0425
2010-10-21;1.0369;1.0376;1.0372
2010-10-22;1.0247;1.0252;1.0249
2010-10-25;1.0291;1.0297;1.0294
2010-10-26;1.0155;1.016;1.0157
2010-10-27;1.0095;1.0101;1.0098
2010-10-28;1.0168;1.0173;1.017
2010-10-29;1.0165;1.017;1.0167
2010-11-01;1.0061;1.0067;1.0064
2010-11-02;1.0219;1.0224;1.0221
2010-11-03;1.0205;1.0212;1.0208
2010-11-04;1.0383;1.0388;1.0385
2010-11-05;1.0433;1.044;1.0436
2010-11-08;1.0348;1.0354;1.0351
2010-11-09;1.0398;1.0404;1.0401
2010-11-10;1.0259;1.0264;1.0261
2010-11-11;1.0273;1.0279;1.0276
2010-11-12;1.0231;1.0238;1.0234
2010-11-15;1.0145;1.0152;1.0148
2010-11-16;1.0111;1.0118;1.0114
2010-11-17;1.0108;1.0114;1.0111
2010-11-18;1.0042;1.0049;1.0045
2010-11-19;1.0007;1.0012;1.0009
2010-11-22;1.0082;1.0088;1.0085
2010-11-23;1.0073;1.008;1.0076
2010-11-24;1.0074;1.0081;1.0077
2010-11-25;1.0012;1.0017;1.0014
2010-11-26;0.9963;0.9969;0.9966
2010-11-29;0.9979;0.9986;0.9982
2010-11-30;1.003;1.0036;1.0033
2010-12-01;0.9959;0.9966;0.9962
2010-12-02;1.0043;1.005;1.0046
2010-12-03;1.0241;1.0247;1.0244
2010-12-06;1.0162;1.0168;1.0165
2010-12-07;1.0182;1.0188;1.0185
2010-12-08;1.01;1.0106;1.0103
2010-12-09;1.0146;1.0153;1.0149
2010-12-10;1.0187;1.0194;1.019
2010-12-13;1.0333;1.0338;1.0335
2010-12-14;1.0384;1.039;1.0387
2010-12-15;1.0396;1.0403;1.0399
2010-12-16;1.0296;1.0302;1.0299
2010-12-17;1.0293;1.03;1.0296
2010-12-20;1.0361;1.0367;1.0364
2010-12-21;1.0432;1.0438;1.0435
2010-12-22;1.0491;1.0498;1.0494
2010-12-23;1.0404;1.041;1.0407
2010-12-24;1.0393;1.0399;1.0396
2010-12-27;1.0392;1.0398;1.0395
2010-12-28;1.0505;1.0511;1.0508
2010-12-29;1.0517;1.0524;1.052
2010-12-30;1.0671;1.0678;1.0674
2010-12-31;1.0725;1.0732;1.0728
2011-01-03;1.0701;1.0707;1.0704
2011-01-04;1.0552;1.0558;1.0555
2011-01-05;1.035;1.0357;1.0353
2011-01-06;1.0365;1.0372;1.0368
2011-01-07;1.037;1.0376;1.0373
2011-01-10;1.0309;1.0315;1.0312
2011-01-11;1.0235;1.0242;1.0238
2011-01-12;1.0289;1.0295;1.0292
2011-01-13;1.0363;1.0369;1.0366
2011-01-14;1.037;1.0377;1.0373
2011-01-17;1.0369;1.0376;1.0372
2011-01-18;1.0392;1.0399;1.0395
2011-01-19;1.0417;1.0424;1.042
2011-01-20;1.0323;1.033;1.0326
2011-01-21;1.0418;1.0424;1.0421
2011-01-24;1.0548;1.0554;1.0551
2011-01-25;1.0599;1.0606;1.0602
2011-01-26;1.0618;1.0625;1.0621
2011-01-27;1.057;1.0577;1.0573
2011-01-28;1.0612;1.062;1.0616
2011-01-31;1.0639;1.0646;1.0642
2011-02-01;1.062;1.0627;1.0623
2011-02-02;1.0661;1.0667;1.0664
2011-02-03;1.0549;1.0556;1.0552
2011-02-04;1.0446;1.0453;1.0449
2011-02-07;1.0442;1.0449;1.0445
2011-02-08;1.0438;1.0445;1.0441
2011-02-09;1.0404;1.0411;1.0407
2011-02-10;1.0343;1.0349;1.0346
2011-02-11;1.0283;1.029;1.0286
2011-02-14;1.0302;1.0309;1.0305
2011-02-15;1.0331;1.0337;1.0334
2011-02-16;1.0329;1.0334;1.0331
2011-02-17;1.0507;1.0514;1.051
2011-02-18;1.0508;1.0515;1.0511
2011-02-21;1.0554;1.056;1.0557
2011-02-22;1.0637;1.0643;1.064
2011-02-23;1.0703;1.071;1.0706
2011-02-24;1.0779;1.0786;1.0782
2011-02-25;1.0758;1.0765;1.0761
2011-02-28;1.0755;1.0763;1.0759
2011-03-01;1.0742;1.0749;1.0745
2011-03-02;1.0838;1.0845;1.0841
2011-03-03;1.0743;1.0749;1.0746
2011-03-04;1.0796;1.0802;1.0799
2011-03-07;1.0813;1.082;1.0816
2011-03-08;1.0724;1.0731;1.0727
2011-03-09;1.0763;1.077;1.0766
2011-03-10;1.0703;1.071;1.0706
2011-03-11;1.0774;1.078;1.0777
2011-03-14;1.0803;1.0811;1.0807
2011-03-15;1.0879;1.0887;1.0883
2011-03-16;1.0958;1.0965;1.0961
2011-03-17;1.1104;1.1112;1.1108
2011-03-18;1.1073;1.108;1.1076
2011-03-21;1.1039;1.1045;1.1042
2011-03-22;1.1057;1.1062;1.1059
2011-03-23;1.1028;1.1034;1.1031
2011-03-24;1.1034;1.104;1.1037
2011-03-25;1.0935;1.0941;1.0938
2011-03-28;1.0915;1.0922;1.0918
2011-03-29;1.0862;1.0868;1.0865
2011-03-30;1.0833;1.0841;1.0837
2011-03-31;1.0927;1.0934;1.093
2011-04-01;1.0771;1.0777;1.0774
2011-04-04;1.087;1.0875;1.0872
2011-04-05;1.0825;1.0832;1.0828
2011-04-06;1.0908;1.0915;1.0911
2011-04-07;1.0895;1.0901;1.0898
2011-04-08;1.0971;1.0979;1.0975
2011-04-11;1.1;1.1007;1.1003
2011-04-12;1.1166;1.1174;1.117
2011-04-13;1.1181;1.1189;1.1185
2011-04-14;1.1204;1.1211;1.1207
2011-04-15;1.1163;1.117;1.1166
2011-04-18;1.1132;1.1139;1.1135
2011-04-19;1.1134;1.1141;1.1137
2011-04-20;1.1206;1.1212;1.1209
2011-04-21;1.1327;1.1334;1.133
2011-04-22;1.1327;1.1334;1.133
2011-04-25;1.1332;1.1338;1.1335
2011-04-26;1.1366;1.1374;1.137
2011-04-27;1.1329;1.1336;1.1332
2011-04-28;1.145;1.1458;1.1454
2011-04-29;1.1511;1.1518;1.1514
2011-05-02;1.1583;1.1589;1.1586
2011-05-03;1.1617;1.1623;1.162
2011-05-04;1.1642;1.1649;1.1645
2011-05-05;1.1524;1.1531;1.1527
2011-05-06;1.1437;1.1443;1.144
2011-05-09;1.1402;1.1409;1.1405
2011-05-10;1.1384;1.1391;1.1387
2011-05-11;1.132;1.1328;1.1324
2011-05-12;1.1287;1.1293;1.129
2011-05-13;1.1264;1.1272;1.1268
2011-05-16;1.1355;1.1363;1.1359
2011-05-17;1.1304;1.1311;1.1307
2011-05-18;1.1373;1.138;1.1376
2011-05-19;1.1316;1.1323;1.1319
2011-05-20;1.1386;1.1392;1.1389
2011-05-23;1.132;1.1328;1.1324
2011-05-24;1.1373;1.138;1.1376
2011-05-25;1.1439;1.1446;1.1442
2011-05-26;1.1513;1.152;1.1516
2011-05-27;1.1709;1.1717;1.1713
2011-05-30;1.1735;1.1742;1.1738
2011-05-31;1.172;1.1729;1.1724
2011-06-01;1.1884;1.1892;1.1888
2011-06-02;1.1851;1.1858;1.1854
2011-06-03;1.1959;1.1966;1.1962
2011-06-06;1.1947;1.1955;1.1951
2011-06-07;1.1928;1.1935;1.1931
2011-06-08;1.1935;1.1943;1.1939
2011-06-09;1.1883;1.1891;1.1887
2011-06-10;1.1868;1.1876;1.1872
2011-06-13;1.1947;1.1956;1.1951
2011-06-14;1.1859;1.1867;1.1863
2011-06-15;1.1783;1.1791;1.1787
2011-06-16;1.1766;1.1773;1.1769
2011-06-17;1.18;1.1806;1.1803
2011-06-20;1.1879;1.1887;1.1883
2011-06-21;1.1845;1.1853;1.1849
2011-06-22;1.1957;1.1965;1.1961
2011-06-23;1.1929;1.1936;1.1932
2011-06-24;1.1925;1.1932;1.1928
2011-06-27;1.1984;1.1991;1.1987
2011-06-28;1.2043;1.2051;1.2047
2011-06-29;1.1956;1.1964;1.196
2011-06-30;1.1873;1.1879;1.1876
2011-07-01;1.1781;1.1788;1.1784
2011-07-04;1.1777;1.1785;1.1781
2011-07-05;1.1823;1.1831;1.1827
2011-07-06;1.1921;1.1929;1.1925
2011-07-07;1.1844;1.1852;1.1848
2011-07-08;1.1929;1.1936;1.1932
2011-07-11;1.1977;1.1986;1.1981
2011-07-12;1.1997;1.2005;1.2001
2011-07-13;1.2148;1.2155;1.2151
2011-07-14;1.2214;1.2221;1.2217
2011-07-15;1.2251;1.2259;1.2255
2011-07-18;1.2218;1.2226;1.2222
2011-07-19;1.2202;1.221;1.2206
2011-07-20;1.2192;1.22;1.2196
2011-07-21;1.2216;1.2223;1.2219
2011-07-22;1.2246;1.2253;1.2249
2011-07-25;1.2401;1.2408;1.2404
2011-07-26;1.2452;1.246;1.2456
2011-07-27;1.2481;1.2489;1.2485
2011-07-28;1.2453;1.246;1.2456
2011-07-29;1.2682;1.2692;1.2687
2011-08-01;1.2799;1.2808;1.2803
2011-08-02;1.296;1.297;1.2965
2011-08-03;1.3047;1.3055;1.3051
2011-08-04;1.2986;1.2995;1.299
2011-08-05;1.3106;1.3114;1.311
2011-08-08;1.3143;1.3152;1.3147
2011-08-09;1.3507;1.3516;1.3511
2011-08-10;1.3741;1.375;1.3745
2011-08-11;1.3117;1.3125;1.3121
2011-08-12;1.2935;1.2942;1.2938
2011-08-15;1.2794;1.2801;1.2797
2011-08-16;1.2638;1.2645;1.2641
2011-08-17;1.2609;1.2617;1.2613
2011-08-18;1.2639;1.2646;1.2642
2011-08-19;1.2715;1.2722;1.2718
2011-08-22;1.2726;1.2733;1.2729
2011-08-23;1.2667;1.2677;1.2672
2011-08-24;1.2594;1.2603;1.2598
2011-08-25;1.2525;1.2534;1.2529
2011-08-26;1.2331;1.2338;1.2334
2011-08-29;1.2183;1.2191;1.2187
2011-08-30;1.2214;1.2222;1.2218
2011-08-31;1.2396;1.2404;1.24
2011-09-01;1.256;1.2567;1.2563
2011-09-02;1.277;1.2779;1.2774
2011-09-05;1.2703;1.2712;1.2707
2011-09-06;1.1671;1.1678;1.1674
2011-09-07;1.1624;1.1632;1.1628
2011-09-08;1.1495;1.1502;1.1498
2011-09-09;1.1316;1.1323;1.1319
2011-09-12;1.1303;1.131;1.1306
2011-09-13;1.1364;1.1371;1.1367
2011-09-14;1.1365;1.1372;1.1368
2011-09-15;1.1492;1.1498;1.1495
2011-09-16;1.1422;1.1429;1.1425
2011-09-19;1.1292;1.1299;1.1295
2011-09-20;1.1293;1.1301;1.1297
2011-09-21;1.1156;1.1164;1.116
2011-09-22;1.1036;1.1043;1.1039
2011-09-23;1.1072;1.1079;1.1075
2011-09-26;1.1067;1.1074;1.107
2011-09-27;1.1187;1.1194;1.119
2011-09-28;1.1134;1.1141;1.1137
2011-09-29;1.1189;1.1196;1.1192
2011-09-30;1.1006;1.1013;1.1009
2011-10-03;1.0919;1.0927;1.0923
2011-10-04;1.0861;1.0868;1.0864
2011-10-05;1.0834;1.0841;1.0837
2011-10-06;1.0865;1.0871;1.0868
2011-10-07;1.0926;1.0933;1.0929
2011-10-10;1.1059;1.1066;1.1062
2011-10-11;1.1003;1.1011;1.1007
2011-10-12;1.1176;1.1184;1.118
2011-10-13;1.1088;1.1095;1.1091
2011-10-14;1.1183;1.1191;1.1187
2011-10-17;1.1133;1.1141;1.1137
2011-10-18;1.107;1.1076;1.1073
2011-10-19;1.1115;1.1121;1.1118
2011-10-20;1.1136;1.1143;1.1139
2011-10-21;1.1324;1.1331;1.1327
2011-10-24;1.1301;1.1309;1.1305
2011-10-25;1.1348;1.1355;1.1351
2011-10-26;1.1302;1.131;1.1306
2011-10-27;1.1569;1.1576;1.1572
2011-10-28;1.1591;1.1598;1.1594
2011-10-31;1.148;1.1488;1.1484
2011-11-01;1.1228;1.1235;1.1231
2011-11-02;1.1346;1.1354;1.135
2011-11-03;1.1315;1.1323;1.1319
2011-11-04;1.1258;1.1266;1.1262
2011-11-07;1.1115;1.1122;1.1118
2011-11-08;1.1165;1.1172;1.1168
2011-11-09;1.1027;1.1033;1.103
2011-11-10;1.1027;1.1035;1.1031
2011-11-11;1.1125;1.1132;1.1128
2011-11-14;1.1019;1.1027;1.1023
2011-11-15;1.0899;1.0906;1.0902
2011-11-16;1.0906;1.0914;1.091
2011-11-17;1.0901;1.0909;1.0905
2011-11-18;1.0912;1.092;1.0916
2011-11-21;1.0885;1.0892;1.0888
2011-11-22;1.0932;1.0938;1.0935
2011-11-23;1.0875;1.0882;1.0878
2011-11-24;1.0858;1.0865;1.0861
2011-11-25;1.0716;1.0724;1.072
2011-11-28;1.0837;1.0844;1.084
2011-11-29;1.0857;1.0865;1.0861
2011-11-30;1.0984;1.099;1.0987
2011-12-01;1.0973;1.0981;1.0977
2011-12-02;1.088;1.0886;1.0883
2011-12-05;1.0887;1.0895;1.0891
2011-12-06;1.0783;1.0789;1.0786
2011-12-07;1.0802;1.0808;1.0805
2011-12-08;1.0773;1.0781;1.0777
2011-12-09;1.0821;1.0828;1.0824
2011-12-12;1.07;1.0707;1.0703
2011-12-13;1.0614;1.0622;1.0618
2011-12-14;1.0488;1.0495;1.0491
2011-12-15;1.0616;1.0623;1.0619
2011-12-16;1.0684;1.0691;1.0687
2011-12-19;1.0673;1.0681;1.0677
2011-12-20;1.0757;1.0763;1.076
2011-12-21;1.0687;1.0693;1.069
2011-12-22;1.0678;1.0686;1.0682
2011-12-23;1.0655;1.0661;1.0658
2011-12-26;1.0655;1.0661;1.0658
2011-12-27;1.0697;1.0704;1.07
2011-12-28;1.0606;1.0613;1.0609
2011-12-29;1.0593;1.06;1.0596
2011-12-30;1.0691;1.0697;1.0694
2012-01-02;1.0691;1.0697;1.0694
2012-01-03;1.0723;1.0731;1.0727
2012-01-04;1.0591;1.0598;1.0594
2012-01-05;1.0498;1.0505;1.0501
2012-01-06;1.0453;1.0461;1.0457
2012-01-09;1.0491;1.0498;1.0494
2012-01-10;1.0524;1.0531;1.0527
2012-01-11;1.0467;1.0474;1.047
2012-01-12;1.0567;1.0574;1.057
2012-01-13;1.0466;1.0473;1.0469
2012-01-16;1.0483;1.0489;1.0486
2012-01-17;1.0531;1.0538;1.0534
2012-01-18;1.0594;1.0601;1.0597
2012-01-19;1.0671;1.0678;1.0674
2012-01-20;1.0699;1.0706;1.0702
2012-01-23;1.0796;1.0803;1.0799
2012-01-24;1.075;1.0757;1.0753
2012-01-25;1.0736;1.0743;1.0739
2012-01-26;1.09;1.0908;1.0904
2012-01-27;1.088;1.0888;1.0884
2012-01-30;1.0887;1.0894;1.089
2012-01-31;1.087;1.0877;1.0873
2012-02-01;1.0949;1.0956;1.0952
2012-02-02;1.0929;1.0937;1.0933
2012-02-03;1.0877;1.0885;1.0881
2012-02-06;1.0834;1.0842;1.0838
2012-02-07;1.095;1.0957;1.0953
2012-02-08;1.0952;1.096;1.0956
2012-02-09;1.0983;1.0991;1.0987
2012-02-10;1.0898;1.0906;1.0902
2012-02-13;1.0931;1.0938;1.0934
2012-02-14;1.0864;1.0871;1.0867
2012-02-15;1.0824;1.0831;1.0827
2012-02-16;1.0796;1.0804;1.08
2012-02-17;1.0891;1.0899;1.0895
2012-02-20;1.0982;1.099;1.0986
2012-02-21;1.0977;1.0984;1.098
2012-02-22;1.0967;1.0975;1.0971
2012-02-23;1.1041;1.1049;1.1045
2012-02-24;1.1166;1.1174;1.117
2012-02-27;1.1114;1.1121;1.1117
2012-02-28;1.1136;1.1143;1.1139
2012-02-29;1.1097;1.1105;1.1101
2012-03-01;1.1058;1.1065;1.1061
2012-03-02;1.0946;1.0954;1.095
2012-03-05;1.0969;1.0976;1.0972
2012-03-06;1.0878;1.0885;1.0881
2012-03-07;1.0883;1.089;1.0886
2012-03-08;1.1006;1.1014;1.101
2012-03-09;1.0878;1.0885;1.0881
2012-03-12;1.0892;1.09;1.0896
2012-03-13;1.0867;1.0875;1.0871
2012-03-14;1.0735;1.0743;1.0739
2012-03-15;1.0825;1.0831;1.0828
2012-03-16;1.0912;1.092;1.0916
2012-03-19;1.0973;1.0981;1.0977
2012-03-20;1.0957;1.0964;1.096
2012-03-21;1.0934;1.0942;1.0938
2012-03-22;1.0943;1.095;1.0946
2012-03-23;1.1002;1.101;1.1006
2012-03-26;1.1055;1.1062;1.1058
2012-03-27;1.1047;1.1054;1.105
2012-03-28;1.102;1.1026;1.1023
2012-03-29;1.1018;1.1025;1.1021
2012-03-30;1.106;1.1068;1.1064
2012-04-02;1.1045;1.1052;1.1048
2012-04-03;1.1081;1.1088;1.1084
2012-04-04;1.0897;1.0903;1.09
2012-04-05;1.0862;1.0869;1.0865
2012-04-06;1.0862;1.0869;1.0865
2012-04-09;1.0877;1.0884;1.088
2012-04-10;1.0879;1.0886;1.0882
2012-04-11;1.0917;1.0924;1.092
2012-04-12;1.0954;1.0961;1.0957
2012-04-13;1.0875;1.0883;1.0879
2012-04-16;1.0863;1.087;1.0866
2012-04-17;1.0932;1.0939;1.0935
2012-04-18;1.0912;1.0919;1.0915
2012-04-19;1.0931;1.0939;1.0935
2012-04-20;1.0989;1.0996;1.0992
2012-04-23;1.0915;1.0922;1.0918
2012-04-24;1.0983;1.0991;1.0987
2012-04-25;1.0965;1.0973;1.0969
2012-04-26;1.1008;1.1014;1.1011
2012-04-27;1.1036;1.1043;1.1039
2012-04-30;1.1015;1.1021;1.1018
2012-05-01;1.1002;1.101;1.1006
2012-05-02;1.0941;1.0949;1.0945
2012-05-03;1.0945;1.0951;1.0948
2012-05-04;1.0913;1.0921;1.0917
2012-05-07;1.0858;1.0866;1.0862
2012-05-08;1.0816;1.0823;1.0819
2012-05-09;1.0763;1.0769;1.0766
2012-05-10;1.0786;1.0793;1.0789
2012-05-11;1.0772;1.078;1.0776
2012-05-14;1.0685;1.0692;1.0688
2012-05-15;1.0634;1.064;1.0637
2012-05-16;1.0605;1.0612;1.0608
2012-05-17;1.0578;1.0585;1.0581
2012-05-18;1.0589;1.0596;1.0592
2012-05-21;1.0628;1.0635;1.0631
2012-05-22;1.0619;1.0627;1.0623
2012-05-23;1.0475;1.0481;1.0478
2012-05-24;1.0462;1.0469;1.0465
2012-05-25;1.0414;1.0421;1.0417
2012-05-28;1.0425;1.0433;1.0429
2012-05-29;1.0431;1.0439;1.0435
2012-05-30;1.0315;1.0321;1.0318
2012-05-31;1.0288;1.0294;1.0291
2012-06-01;1.0292;1.0299;1.0295
2012-06-04;1.0404;1.0411;1.0407
2012-06-05;1.0374;1.0381;1.0377
2012-06-06;1.0406;1.0412;1.0409
2012-06-07;1.0456;1.0464;1.046
2012-06-08;1.0378;1.0386;1.0382
2012-06-11;1.0413;1.0421;1.0417
2012-06-12;1.0371;1.0377;1.0374
2012-06-13;1.0467;1.0475;1.0471
2012-06-14;1.0485;1.0491;1.0488
2012-06-15;1.0509;1.0515;1.0512
2012-06-18;1.0471;1.0478;1.0474
2012-06-19;1.0553;1.0559;1.0556
2012-06-20;1.0575;1.0581;1.0578
2012-06-21;1.0492;1.05;1.0496
2012-06-22;1.0435;1.0441;1.0438
2012-06-25;1.039;1.0397;1.0393
2012-06-26;1.038;1.0387;1.0383
2012-06-27;1.0367;1.0375;1.0371
2012-06-28;1.0342;1.0349;1.0345
2012-06-29;1.0562;1.0569;1.0565
2012-07-02;1.0472;1.0479;1.0475
2012-07-03;1.0491;1.0499;1.0495
2012-07-04;1.0411;1.0418;1.0414
2012-07-05;1.0305;1.0312;1.0308
2012-07-06;1.0244;1.0252;1.0248
2012-07-09;1.0239;1.0245;1.0242
2012-07-10;1.0202;1.0208;1.0205
2012-07-11;1.0197;1.0204;1.02
2012-07-12;1.0143;1.015;1.0146
2012-07-13;1.0192;1.0199;1.0195
2012-07-16;1.0188;1.0195;1.0191
2012-07-17;1.0166;1.0173;1.0169
2012-07-18;1.0209;1.0216;1.0212
2012-07-19;1.0206;1.0213;1.0209
2012-07-20;1.0129;1.0136;1.0132
2012-07-23;1.0086;1.0092;1.0089
2012-07-24;1.0059;1.0067;1.0063
2012-07-25;1.0092;1.0098;1.0095
2012-07-26;1.0238;1.0245;1.0241
2012-07-27;1.0297;1.0305;1.0301
2012-07-30;1.019;1.0196;1.0193
2012-07-31;1.0249;1.0255;1.0252
2012-08-01;1.023;1.0238;1.0234
2012-08-02;1.012;1.0126;1.0123
2012-08-03;1.0269;1.0276;1.0272
2012-08-06;1.033;1.0337;1.0333
2012-08-07;1.0334;1.034;1.0337
2012-08-08;1.0284;1.0291;1.0287
2012-08-09;1.0246;1.0252;1.0249
2012-08-10;1.0251;1.0258;1.0254
2012-08-13;1.0281;1.0287;1.0284
2012-08-14;1.0256;1.0262;1.0259
2012-08-15;1.0223;1.023;1.0226
2012-08-16;1.0291;1.0297;1.0294
2012-08-17;1.0236;1.0242;1.0239
2012-08-20;1.0272;1.0279;1.0275
2012-08-21;1.0387;1.0394;1.039
2012-08-22;1.0379;1.0385;1.0382
2012-08-23;1.0475;1.0481;1.0478
2012-08-24;1.042;1.0427;1.0423
2012-08-27;1.0418;1.0425;1.0421
2012-08-28;1.0461;1.0468;1.0464
2012-08-29;1.0428;1.0434;1.0431
2012-08-30;1.0403;1.041;1.0406
2012-08-31;1.0494;1.0501;1.0497
2012-09-03;1.0475;1.0482;1.0478
2012-09-04;1.0455;1.0462;1.0458
2012-09-05;1.0464;1.0471;1.0467
2012-09-06;1.0472;1.0478;1.0475
2012-09-07;1.059;1.0597;1.0593
2012-09-10;1.0574;1.0581;1.0577
2012-09-11;1.0633;1.064;1.0636
2012-09-12;1.0657;1.0663;1.066
2012-09-13;1.0642;1.0649;1.0645
2012-09-14;1.0806;1.0812;1.0809
2012-09-17;1.0796;1.0804;1.08
2012-09-18;1.0768;1.0774;1.0771
2012-09-19;1.078;1.0787;1.0783
2012-09-20;1.0705;1.0713;1.0709
2012-09-21;1.0718;1.0726;1.0722
2012-09-24;1.0675;1.0681;1.0678
2012-09-25;1.0708;1.0714;1.0711
2012-09-26;1.062;1.0628;1.0624
2012-09-27;1.064;1.0647;1.0643
2012-09-28;1.0637;1.0644;1.064
2012-10-01;1.0668;1.0675;1.0671
2012-10-02;1.0688;1.0694;1.0691
2012-10-03;1.066;1.0666;1.0663
2012-10-04;1.0728;1.0735;1.0731
2012-10-05;1.0768;1.0775;1.0771
2012-10-08;1.0709;1.0715;1.0712
2012-10-09;1.0648;1.0656;1.0652
2012-10-10;1.065;1.0657;1.0653
2012-10-11;1.0693;1.0701;1.0697
2012-10-12;1.0723;1.0731;1.0727
2012-10-15;1.0703;1.071;1.0706
2012-10-16;1.0767;1.0774;1.077
2012-10-17;1.0831;1.0839;1.0835
2012-10-18;1.0826;1.0833;1.0829
2012-10-19;1.0774;1.0782;1.0778
2012-10-22;1.0798;1.0804;1.0801
2012-10-23;1.0713;1.072;1.0716
2012-10-24;1.0716;1.0722;1.0719
2012-10-25;1.071;1.0716;1.0713
2012-10-26;1.0689;1.0696;1.0692
2012-10-29;1.0673;1.068;1.0676
2012-10-30;1.0738;1.0746;1.0742
2012-10-31;1.0736;1.0743;1.0739
2012-11-01;1.0718;1.0725;1.0721
2012-11-02;1.064;1.0646;1.0643
2012-11-05;1.0586;1.0594;1.059
2012-11-06;1.0593;1.06;1.0596
2012-11-07;1.0572;1.0579;1.0575
2012-11-08;1.0549;1.0556;1.0552
2012-11-09;1.0536;1.0543;1.0539
2012-11-12;1.0543;1.0551;1.0547
2012-11-13;1.055;1.0557;1.0553
2012-11-14;1.0567;1.0573;1.057
2012-11-15;1.062;1.0628;1.0624
2012-11-16;1.0545;1.0552;1.0548
2012-11-19;1.0636;1.0644;1.064
2012-11-20;1.0621;1.0627;1.0624
2012-11-21;1.0642;1.065;1.0646
2012-11-22;1.0691;1.0699;1.0695
2012-11-23;1.0754;1.076;1.0757
2012-11-26;1.0765;1.0773;1.0769
2012-11-27;1.0732;1.074;1.0736
2012-11-28;1.0724;1.0731;1.0727
2012-11-29;1.0776;1.0783;1.0779
2012-11-30;1.0791;1.0798;1.0794
2012-12-03;1.0811;1.0818;1.0814
2012-12-04;1.0794;1.0801;1.0797
2012-12-05;1.0779;1.0786;1.0782
2012-12-06;1.0734;1.0741;1.0737
2012-12-07;1.0699;1.0705;1.0702
2012-12-10;1.0708;1.0716;1.0712
2012-12-11;1.072;1.0727;1.0723
2012-12-12;1.076;1.0768;1.0764
2012-12-13;1.0827;1.0833;1.083
2012-12-14;1.0845;1.0853;1.0849
2012-12-17;1.089;1.0897;1.0893
2012-12-18;1.0946;1.0954;1.095
2012-12-19;1.0964;1.097;1.0967
2012-12-20;1.096;1.0968;1.0964
2012-12-21;1.0908;1.0915;1.0911
2012-12-24;1.0925;1.0933;1.0929
2012-12-25;1.0925;1.0933;1.0929
2012-12-26;1.0943;1.0951;1.0947
2012-12-27;1.0937;1.0944;1.094
2012-12-28;1.0947;1.0954;1.095
2012-12-31;1.0921;1.0928;1.0924
2013-01-01;1.0921;1.0928;1.0924
2013-01-02;1.094;1.0947;1.0943
2013-01-03;1.0827;1.0833;1.083
2013-01-04;1.0792;1.0799;1.0795
2013-01-07;1.0833;1.0841;1.0837
2013-01-08;1.0807;1.0814;1.081
2013-01-09;1.0783;1.079;1.0786
2013-01-10;1.0906;1.0912;1.0909
2013-01-11;1.0958;1.0964;1.0961
2013-01-14;1.09;1.0907;1.0903
2013-01-15;1.0776;1.0783;1.0779
2013-01-16;1.0745;1.0752;1.0748
2013-01-17;1.0717;1.0725;1.0721
2013-01-18;1.0688;1.0694;1.0691
2013-01-21;1.0725;1.0733;1.0729
2013-01-22;1.0754;1.0761;1.0757
2013-01-23;1.0764;1.0772;1.0768
2013-01-24;1.0747;1.0754;1.075
2013-01-25;1.0829;1.0836;1.0832
2013-01-28;1.0783;1.079;1.0786
2013-01-29;1.0842;1.0849;1.0845
2013-01-30;1.0958;1.0965;1.0961
2013-01-31;1.0979;1.0986;1.0982
2013-02-01;1.1071;1.1079;1.1075
2013-02-04;1.1003;1.101;1.1006
2013-02-05;1.0993;1.0999;1.0996
2013-02-06;1.0979;1.0987;1.0983
2013-02-07;1.0894;1.0901;1.0897
2013-02-08;1.0899;1.0905;1.0902
2013-02-11;1.0872;1.0879;1.0875
2013-02-12;1.0917;1.0924;1.092
2013-02-13;1.0875;1.0882;1.0878
2013-02-14;1.0842;1.0848;1.0845
2013-02-15;1.0822;1.0829;1.0825
2013-02-18;1.0827;1.0834;1.083
2013-02-19;1.0819;1.0826;1.0822
2013-02-20;1.0823;1.083;1.0826
2013-02-21;1.0758;1.0763;1.076
2013-02-22;1.0731;1.0738;1.0734
2013-02-25;1.0748;1.0753;1.075
2013-02-26;1.0732;1.0739;1.0735
2013-02-27;1.075;1.0757;1.0753
2013-02-28;1.0712;1.0719;1.0715
2013-03-01;1.0575;1.0583;1.0579
2013-03-04;1.0616;1.0623;1.0619
2013-03-05;1.0611;1.0618;1.0614
2013-03-06;1.0562;1.0569;1.0565
2013-03-07;1.0584;1.0591;1.0587
2013-03-08;1.0492;1.0499;1.0495
2013-03-11;1.0527;1.0534;1.053
2013-03-12;1.0555;1.0562;1.0558
2013-03-13;1.0503;1.051;1.0506
2013-03-14;1.0527;1.0533;1.053
2013-03-15;1.0649;1.0656;1.0652
2013-03-18;1.0578;1.0585;1.0581
2013-03-19;1.0566;1.0572;1.0569
2013-03-20;1.0591;1.0597;1.0594
2013-03-21;1.0573;1.0579;1.0576
2013-03-22;1.0632;1.0639;1.0635
2013-03-25;1.0554;1.056;1.0557
2013-03-26;1.0539;1.0547;1.0543
2013-03-27;1.0484;1.0492;1.0488
2013-03-28;1.0557;1.0564;1.056
2013-03-29;1.0557;1.0564;1.056
2013-04-01;1.0546;1.0554;1.055
2013-04-02;1.0541;1.0548;1.0544
2013-04-03;1.0575;1.0583;1.0579
2013-04-04;1.0566;1.0573;1.0569
2013-04-05;1.0713;1.072;1.0716
2013-04-08;1.0693;1.0699;1.0696
2013-04-09;1.0704;1.071;1.0707
2013-04-10;1.0732;1.0738;1.0735
2013-04-11;1.0757;1.0764;1.076
2013-04-12;1.076;1.0767;1.0763
2013-04-15;1.0752;1.0759;1.0755
2013-04-16;1.0788;1.0796;1.0792
2013-04-17;1.0735;1.0742;1.0738
2013-04-18;1.0752;1.0759;1.0755
2013-04-19;1.0742;1.0749;1.0745
2013-04-22;1.068;1.0686;1.0683
2013-04-23;1.0615;1.0623;1.0619
2013-04-24;1.0549;1.0556;1.0552
2013-04-25;1.0552;1.0558;1.0555
2013-04-26;1.0615;1.0622;1.0618
2013-04-29;1.0671;1.0678;1.0674
2013-04-30;1.0761;1.0768;1.0764
2013-05-01;1.0773;1.0781;1.0777
2013-05-02;1.0704;1.0712;1.0708
2013-05-03;1.0698;1.0705;1.0701
2013-05-06;1.0642;1.0649;1.0645
2013-05-07;1.0621;1.0628;1.0624
2013-05-08;1.0685;1.0691;1.0688
2013-05-09;1.0626;1.0633;1.0629
2013-05-10;1.0443;1.0449;1.0446
2013-05-13;1.0442;1.0449;1.0445
2013-05-14;1.0443;1.0448;1.0445
2013-05-15;1.0331;1.0338;1.0334
2013-05-16;1.042;1.0428;1.0424
2013-05-17;1.0276;1.0283;1.0279
2013-05-20;1.0327;1.0333;1.033
2013-05-21;1.0295;1.0302;1.0298
2013-05-22;1.0205;1.0211;1.0208
2013-05-23;1.031;1.0317;1.0313
2013-05-24;1.0405;1.0411;1.0408
2013-05-27;1.0388;1.0395;1.0391
2013-05-28;1.0242;1.0249;1.0245
2013-05-29;1.0403;1.0409;1.0406
2013-05-30;1.0482;1.0488;1.0485
2013-05-31;1.0418;1.0425;1.0421
2013-06-03;1.0482;1.0489;1.0485
2013-06-04;1.0535;1.0542;1.0538
2013-06-05;1.0595;1.0603;1.0599
2013-06-06;1.0694;1.07;1.0697
2013-06-07;1.0692;1.0697;1.0694
2013-06-10;1.0645;1.0651;1.0648
2013-06-11;1.0781;1.0787;1.0784
2013-06-12;1.0862;1.0869;1.0865
2013-06-13;1.0823;1.0829;1.0826
2013-06-14;1.0855;1.0863;1.0859
2013-06-17;1.0807;1.0814;1.081
2013-06-18;1.0861;1.0867;1.0864
2013-06-19;1.0873;1.0881;1.0877
2013-06-20;1.0733;1.074;1.0736
2013-06-21;1.0695;1.0701;1.0698
2013-06-24;1.0697;1.0703;1.07
2013-06-25;1.0639;1.0646;1.0642
2013-06-26;1.0608;1.0615;1.0611
2013-06-27;1.0538;1.0545;1.0541
2013-06-28;1.0566;1.0572;1.0569
2013-07-01;1.0556;1.0561;1.0558
2013-07-02;1.0549;1.0555;1.0552
2013-07-03;1.0534;1.054;1.0537
2013-07-04;1.0453;1.0459;1.0456
2013-07-05;1.0396;1.0403;1.0399
2013-07-08;1.0366;1.0372;1.0369
2013-07-09;1.0269;1.0276;1.0272
2013-07-10;1.0334;1.034;1.0337
2013-07-11;1.0514;1.0521;1.0517
2013-07-12;1.0547;1.0553;1.055
2013-07-15;1.0518;1.0524;1.0521
2013-07-16;1.0616;1.0623;1.0619
2013-07-17;1.0591;1.0598;1.0594
2013-07-18;1.0565;1.0572;1.0568
2013-07-19;1.0629;1.0634;1.0631
2013-07-22;1.069;1.0696;1.0693
2013-07-23;1.0677;1.0683;1.068
2013-07-24;1.0691;1.0697;1.0694
2013-07-25;1.0707;1.0714;1.071
2013-07-26;1.0758;1.0763;1.076
2013-07-29;1.0736;1.0742;1.0739
2013-07-30;1.0742;1.0748;1.0745
2013-07-31;1.0759;1.0765;1.0762
2013-08-01;1.0706;1.0712;1.0709
2013-08-02;1.0772;1.0777;1.0774
2013-08-05;1.0731;1.0737;1.0734
2013-08-06;1.0809;1.0816;1.0812
2013-08-07;1.0832;1.0838;1.0835
2013-08-08;1.0874;1.0881;1.0877
2013-08-09;1.0848;1.0854;1.0851
2013-08-12;1.0783;1.0789;1.0786
2013-08-13;1.0702;1.0709;1.0705
2013-08-14;1.0703;1.071;1.0706
2013-08-15;1.0697;1.0703;1.07
2013-08-16;1.0799;1.0805;1.0802
2013-08-19;1.0808;1.0815;1.0811
2013-08-20;1.0893;1.0899;1.0896
2013-08-21;1.0862;1.0867;1.0864
2013-08-22;1.0811;1.0817;1.0814
2013-08-23;1.0875;1.0881;1.0878
2013-08-26;1.0831;1.0837;1.0834
2013-08-27;1.089;1.0897;1.0893
2013-08-28;1.0851;1.0858;1.0854
2013-08-29;1.073;1.0737;1.0733
2013-08-30;1.0722;1.0728;1.0725
2013-09-02;1.0699;1.0706;1.0702
2013-09-03;1.0659;1.0665;1.0662
2013-09-04;1.0678;1.0685;1.0681
2013-09-05;1.0582;1.0587;1.0584
2013-09-06;1.0651;1.0656;1.0653
2013-09-09;1.0726;1.0732;1.0729
2013-09-10;1.0695;1.0701;1.0698
2013-09-11;1.0738;1.0745;1.0741
2013-09-12;1.0768;1.0775;1.0771
2013-09-13;1.0712;1.0718;1.0715
2013-09-16;1.0803;1.0809;1.0806
2013-09-17;1.0777;1.0782;1.0779
2013-09-18;1.0803;1.0808;1.0805
2013-09-19;1.0982;1.0988;1.0985
2013-09-20;1.0966;1.0973;1.0969
2013-09-23;1.0973;1.098;1.0976
2013-09-24;1.0974;1.098;1.0977
2013-09-25;1.0975;1.0982;1.0978
2013-09-26;1.0974;1.098;1.0977
2013-09-27;1.1052;1.1059;1.1055
2013-09-30;1.1055;1.1062;1.1058
2013-10-01;1.1032;1.1038;1.1035
2013-10-02;1.109;1.1096;1.1093
2013-10-03;1.1107;1.1114;1.111
2013-10-04;1.1068;1.1075;1.1071
2013-10-07;1.105;1.1057;1.1053
2013-10-08;1.1069;1.1076;1.1072
2013-10-09;1.0987;1.0993;1.099
2013-10-10;1.0975;1.0982;1.0978
2013-10-11;1.0987;1.0994;1.099
2013-10-14;1.102;1.1025;1.1022
2013-10-15;1.0928;1.0934;1.0931
2013-10-16;1.0914;1.092;1.0917
2013-10-17;1.1073;1.1078;1.1075
2013-10-18;1.1086;1.1093;1.1089
2013-10-21;1.1086;1.1093;1.1089
2013-10-22;1.1167;1.1174;1.117
2013-10-23;1.1211;1.1217;1.1214
2013-10-24;1.121;1.1217;1.1213
2013-10-25;1.1181;1.1187;1.1184
2013-10-28;1.1164;1.1171;1.1167
2013-10-29;1.113;1.1137;1.1133
2013-10-30;1.1153;1.1159;1.1156
2013-10-31;1.104;1.1046;1.1043
2013-11-01;1.0956;1.0962;1.0959
2013-11-04;1.0974;1.0981;1.0977
2013-11-05;1.096;1.0967;1.0963
2013-11-06;1.0974;1.098;1.0977
2013-11-07;1.0882;1.0888;1.0885
2013-11-08;1.0839;1.0846;1.0842
2013-11-11;1.0874;1.088;1.0877
2013-11-12;1.0909;1.0914;1.0911
2013-11-13;1.0877;1.0884;1.088
2013-11-14;1.0918;1.0924;1.0921
2013-11-15;1.0918;1.0924;1.0921
2013-11-18;1.0962;1.0968;1.0965
2013-11-19;1.0961;1.0967;1.0964
2013-11-20;1.0931;1.0937;1.0934
2013-11-21;1.0922;1.0929;1.0925
2013-11-22;1.0993;1.0999;1.0996
2013-11-25;1.0964;1.0971;1.0967
2013-11-26;1.101;1.1017;1.1013
2013-11-27;1.1008;1.1015;1.1011
2013-11-28;1.1031;1.1038;1.1034
2013-11-29;1.1063;1.107;1.1066
2013-12-02;1.1019;1.1025;1.1022
2013-12-03;1.1048;1.1054;1.1051
2013-12-04;1.1038;1.1045;1.1041
2013-12-05;1.1131;1.1137;1.1134
2013-12-06;1.1174;1.1181;1.1177
2013-12-09;1.121;1.1216;1.1213
2013-12-10;1.1266;1.1273;1.1269
2013-12-11;1.1286;1.1293;1.1289
2013-12-12;1.1239;1.1246;1.1242
2013-12-13;1.1224;1.123;1.1227
2013-12-16;1.1263;1.1269;1.1266
2013-12-17;1.1253;1.126;1.1256
2013-12-18;1.127;1.1277;1.1273
2013-12-19;1.1149;1.1155;1.1152
2013-12-20;1.1161;1.1167;1.1164
2013-12-23;1.1193;1.1199;1.1196
2013-12-24;1.115;1.1157;1.1153
2013-12-25;1.115;1.1157;1.1153
2013-12-26;1.1164;1.117;1.1167
2013-12-27;1.1258;1.1264;1.1261
2013-12-30;1.1278;1.1285;1.1281
2013-12-31;1.1241;1.1247;1.1244
2014-01-01;1.1241;1.1247;1.1244
2014-01-02;1.1099;1.1105;1.1102
2014-01-03;1.1057;1.1064;1.106
2014-01-06;1.1063;1.1069;1.1066
2014-01-07;1.0995;1.1001;1.0998
2014-01-08;1.0998;1.1005;1.1001
2014-01-09;1.0997;1.1003;1.1
2014-01-10;1.1079;1.1084;1.1081
2014-01-13;1.1076;1.1083;1.1079
2014-01-14;1.1099;1.1105;1.1102
2014-01-15;1.0991;1.0998;1.0994
2014-01-16;1.1029;1.1036;1.1032
2014-01-17;1.0994;1.1;1.0997
2014-01-20;1.0993;1.1;1.0996
2014-01-21;1.097;1.0977;1.0973
2014-01-22;1.0986;1.0992;1.0989
2014-01-23;1.1109;1.1115;1.1112
2014-01-24;1.1179;1.1185;1.1182
2014-01-27;1.1153;1.1159;1.1156
2014-01-28;1.1124;1.113;1.1127
2014-01-29;1.1159;1.1165;1.1162
2014-01-30;1.1076;1.1083;1.1079
2014-01-31;1.1039;1.1045;1.1042
2014-02-03;1.1074;1.1081;1.1077
2014-02-04;1.1053;1.106;1.1056
2014-02-05;1.1067;1.1074;1.107
2014-02-06;1.1116;1.1123;1.1119
2014-02-07;1.113;1.1137;1.1133
2014-02-10;1.115;1.1157;1.1153
2014-02-11;1.1175;1.1181;1.1178
2014-02-12;1.1094;1.1101;1.1097
2014-02-13;1.1178;1.1184;1.1181
2014-02-14;1.1194;1.12;1.1197
2014-02-17;1.1212;1.1219;1.1215
2014-02-18;1.1254;1.1259;1.1256
2014-02-19;1.126;1.1267;1.1263
2014-02-20;1.1231;1.1238;1.1234
2014-02-21;1.1256;1.1263;1.1259
2014-02-24;1.1236;1.1243;1.1239
2014-02-25;1.1257;1.1263;1.126
2014-02-26;1.1208;1.1214;1.1211
2014-02-27;1.124;1.1247;1.1243
2014-02-28;1.1349;1.1357;1.1353
2014-03-03;1.1354;1.1361;1.1357
2014-03-04;1.128;1.1286;1.1283
2014-03-05;1.1274;1.1281;1.1277
2014-03-06;1.1338;1.1344;1.1341
2014-03-07;1.1372;1.1378;1.1375
2014-03-10;1.1385;1.1392;1.1388
2014-03-11;1.1381;1.1388;1.1384
2014-03-12;1.1431;1.1437;1.1434
2014-03-13;1.1456;1.1462;1.1459
2014-03-14;1.1476;1.1483;1.1479
2014-03-17;1.1456;1.1462;1.1459
2014-03-18;1.1434;1.1441;1.1437
2014-03-19;1.1427;1.1434;1.143
2014-03-20;1.1316;1.1323;1.1319
2014-03-21;1.1312;1.1319;1.1315
2014-03-24;1.1306;1.1312;1.1309
2014-03-25;1.1281;1.1288;1.1284
2014-03-26;1.129;1.1297;1.1293
2014-03-27;1.1274;1.1281;1.1277
2014-03-28;1.1271;1.1278;1.1274
2014-03-31;1.1317;1.1324;1.132
2014-04-01;1.1317;1.1324;1.132
2014-04-02;1.1284;1.129;1.1287
2014-04-03;1.1212;1.1219;1.1215
2014-04-04;1.1189;1.1196;1.1192
2014-04-07;1.1258;1.1264;1.1261
2014-04-08;1.1305;1.1312;1.1308
2014-04-09;1.1352;1.1359;1.1355
2014-04-10;1.1397;1.1403;1.14
2014-04-11;1.1414;1.1421;1.1417
2014-04-14;1.1372;1.138;1.1376
2014-04-15;1.1369;1.1376;1.1372
2014-04-16;1.134;1.1347;1.1343
2014-04-17;1.135;1.1356;1.1353
2014-04-18;1.135;1.1356;1.1353
2014-04-21;1.1313;1.1318;1.1315
2014-04-22;1.1288;1.1295;1.1291
2014-04-23;1.1334;1.1342;1.1338
2014-04-24;1.1329;1.1336;1.1332
2014-04-25;1.1347;1.1355;1.1351
2014-04-28;1.1354;1.1359;1.1356
2014-04-29;1.1315;1.1321;1.1318
2014-04-30;1.1355;1.1361;1.1358
2014-05-01;1.1368;1.1374;1.1371
2014-05-02;1.137;1.1376;1.1373
2014-05-05;1.139;1.1395;1.1392
2014-05-06;1.1447;1.1452;1.1449
2014-05-07;1.142;1.1425;1.1422
2014-05-08;1.1386;1.1391;1.1388
2014-05-09;1.1283;1.1288;1.1285
2014-05-12;1.1261;1.1266;1.1263
2014-05-13;1.1235;1.1242;1.1238
2014-05-14;1.1234;1.1239;1.1236
2014-05-15;1.1236;1.1241;1.1238
2014-05-16;1.1215;1.1222;1.1218
2014-05-19;1.1213;1.1219;1.1216
2014-05-20;1.1208;1.1213;1.121
2014-05-21;1.1175;1.1181;1.1178
2014-05-22;1.1179;1.1185;1.1182
2014-05-23;1.116;1.1166;1.1163
2014-05-26;1.118;1.1186;1.1183
2014-05-27;1.1137;1.1142;1.1139
2014-05-28;1.1132;1.1138;1.1135
2014-05-29;1.1154;1.116;1.1157
2014-05-30;1.1184;1.1189;1.1186
2014-06-02;1.114;1.1145;1.1142
2014-06-03;1.1148;1.1153;1.115
2014-06-04;1.1162;1.1167;1.1164
2014-06-05;1.117;1.1174;1.1172
2014-06-06;1.1187;1.1191;1.1189
2014-06-09;1.1141;1.1145;1.1143
2014-06-10;1.1115;1.1121;1.1118
2014-06-11;1.1116;1.1121;1.1118
2014-06-12;1.1127;1.1133;1.113
2014-06-13;1.1105;1.1111;1.1108
2014-06-16;1.1141;1.1147;1.1144
2014-06-17;1.111;1.1115;1.1112
2014-06-18;1.114;1.1145;1.1142
2014-06-19;1.1212;1.1217;1.1214
2014-06-20;1.115;1.1155;1.1152
2014-06-23;1.117;1.1176;1.1173
2014-06-24;1.1167;1.1172;1.1169
2014-06-25;1.1207;1.1212;1.1209
2014-06-26;1.1175;1.118;1.1177
2014-06-27;1.1222;1.1228;1.1225
2014-06-30;1.1274;1.1279;1.1276
2014-07-01;1.1269;1.1274;1.1271
2014-07-02;1.1245;1.1251;1.1248
2014-07-03;1.1193;1.1198;1.1195
2014-07-04;1.1175;1.118;1.1177
2014-07-07;1.1184;1.1189;1.1186
2014-07-08;1.1201;1.1207;1.1204
2014-07-09;1.1219;1.1225;1.1222
2014-07-10;1.1199;1.1204;1.1201
2014-07-11;1.1199;1.1204;1.1201
2014-07-14;1.1215;1.122;1.1217
2014-07-15;1.1165;1.117;1.1167
2014-07-16;1.1134;1.1139;1.1136
2014-07-17;1.1126;1.113;1.1128
2014-07-18;1.1116;1.1121;1.1118
2014-07-21;1.1129;1.1135;1.1132
2014-07-22;1.1081;1.1087;1.1084
2014-07-23;1.1079;1.1084;1.1081
2014-07-24;1.108;1.1085;1.1082
2014-07-25;1.1052;1.1057;1.1054
2014-07-28;1.1061;1.1066;1.1063
2014-07-29;1.1025;1.103;1.1027
2014-07-30;1.0989;1.0994;1.0991
2014-07-31;1.0995;1.1;1.0997
2014-08-01;1.1045;1.1049;1.1047
2014-08-04;1.103;1.1035;1.1032
2014-08-05;1.0985;1.099;1.0987
2014-08-06;1.0993;1.0998;1.0995
2014-08-07;1.0994;1.0999;1.0996
2014-08-08;1.1051;1.1057;1.1054
2014-08-11;1.1032;1.1038;1.1035
2014-08-12;1.1005;1.101;1.1007
2014-08-13;1.1025;1.103;1.1027
2014-08-14;1.1045;1.1051;1.1048
2014-08-15;1.1059;1.1063;1.1061
2014-08-18;1.1033;1.1038;1.1035
2014-08-19;1.0999;1.1005;1.1002
2014-08-20;1.0971;1.0977;1.0974
2014-08-21;1.0969;1.0974;1.0971
2014-08-22;1.0928;1.0934;1.0931
2014-08-25;1.0929;1.0935;1.0932
2014-08-26;1.0922;1.0927;1.0924
2014-08-27;1.0936;1.094;1.0938
2014-08-28;1.0926;1.0932;1.0929
2014-08-29;1.0917;1.0921;1.0919
2014-09-01;1.0879;1.0883;1.0881
2014-09-02;1.0871;1.0876;1.0873
2014-09-03;1.0879;1.0884;1.0881
2014-09-04;1.0746;1.0751;1.0748
2014-09-05;1.0743;1.0748;1.0745
2014-09-08;1.0732;1.0738;1.0735
2014-09-09;1.07;1.0705;1.0702
2014-09-10;1.0663;1.0668;1.0665
2014-09-11;1.0695;1.07;1.0697
2014-09-12;1.0691;1.0696;1.0693
2014-09-15;1.0686;1.0692;1.0689
2014-09-16;1.0701;1.0706;1.0703
2014-09-17;1.0697;1.0702;1.0699
2014-09-18;1.0705;1.0709;1.0707
2014-09-19;1.0635;1.064;1.0637
2014-09-22;1.0618;1.0622;1.062
2014-09-23;1.0654;1.066;1.0657
2014-09-24;1.0595;1.06;1.0597
2014-09-25;1.0559;1.0564;1.0561
2014-09-26;1.0515;1.052;1.0517
2014-09-29;1.0515;1.052;1.0517
2014-09-30;1.0463;1.0468;1.0465
2014-10-01;1.0435;1.044;1.0437
2014-10-02;1.0474;1.0479;1.0476
2014-10-03;1.0341;1.0346;1.0343
2014-10-06;1.0364;1.0368;1.0366
2014-10-07;1.0411;1.0416;1.0413
2014-10-08;1.0458;1.0463;1.046
2014-10-09;1.0504;1.0509;1.0506
2014-10-10;1.0436;1.044;1.0438
2014-10-13;1.0497;1.0502;1.0499
2014-10-14;1.0489;1.0494;1.0491
2014-10-15;1.0567;1.0572;1.0569
2014-10-16;1.0587;1.0593;1.059
2014-10-17;1.0571;1.0576;1.0573
2014-10-20;1.0592;1.0597;1.0594
2014-10-21;1.0549;1.0554;1.0551
2014-10-22;1.0497;1.0502;1.0499
2014-10-23;1.048;1.0485;1.0482
2014-10-24;1.05;1.0505;1.0502
2014-10-27;1.0541;1.0546;1.0543
2014-10-28;1.0565;1.057;1.0567
2014-10-29;1.0579;1.0583;1.0581
2014-10-30;1.0466;1.0471;1.0468
2014-10-31;1.0388;1.0392;1.039
2014-11-03;1.0351;1.0356;1.0353
2014-11-04;1.043;1.0435;1.0432
2014-11-05;1.037;1.0375;1.0372
2014-11-06;1.0324;1.0329;1.0326
2014-11-07;1.0314;1.0318;1.0316
2014-11-10;1.0345;1.035;1.0347
2014-11-11;1.0327;1.0332;1.0329
2014-11-12;1.0378;1.0382;1.038
2014-11-13;1.0375;1.038;1.0377
2014-11-14;1.0384;1.039;1.0387
2014-11-17;1.0366;1.0371;1.0368
2014-11-18;1.0429;1.0435;1.0432
2014-11-19;1.0428;1.0433;1.043
2014-11-20;1.0436;1.0441;1.0438
2014-11-21;1.0324;1.0329;1.0326
2014-11-24;1.0338;1.0343;1.034
2014-11-25;1.0375;1.0381;1.0378
2014-11-26;1.0417;1.0423;1.042
2014-11-27;1.0382;1.0387;1.0384
2014-11-28;1.0376;1.0381;1.0378
2014-12-01;1.0371;1.0377;1.0374
2014-12-02;1.0296;1.0301;1.0298
2014-12-03;1.0238;1.0243;1.024
2014-12-04;1.0341;1.0345;1.0343
2014-12-05;1.0226;1.023;1.0228
2014-12-08;1.0221;1.0227;1.0224
2014-12-09;1.0333;1.0339;1.0336
2014-12-10;1.0318;1.0324;1.0321
2014-12-11;1.0305;1.0311;1.0308
2014-12-12;1.0374;1.0379;1.0376
2014-12-15;1.034;1.0346;1.0343
2014-12-16;1.0414;1.0419;1.0416
2014-12-17;1.0318;1.0324;1.0321
2014-12-18;1.0195;1.0201;1.0198
2014-12-19;1.019;1.0196;1.0193
2014-12-22;1.0189;1.0194;1.0191
2014-12-23;1.0125;1.0131;1.0128
2014-12-24;1.0135;1.014;1.0137
2014-12-25;1.0135;1.014;1.0137
2014-12-26;1.0117;1.0122;1.0119
2014-12-29;1.0122;1.0127;1.0124
2014-12-30;1.0113;1.0118;1.0115
2014-12-31;1.0062;1.0067;1.0064
2015-01-01;1.0062;1.0067;1.0064
2015-01-02;1.0006;1.0011;1.0008
2015-01-05;0.9933;0.9938;0.9935
2015-01-06;0.9921;0.9926;0.9923
2015-01-07;0.9825;0.9831;0.9828
2015-01-08;0.9814;0.982;0.9817
2015-01-09;0.9852;0.9857;0.9854
2015-01-12;0.9838;0.9843;0.984
2015-01-13;0.9807;0.9813;0.981
2015-01-14;0.9812;0.9818;0.9815
2015-01-15;1.0997;1.1007;1.1002
2015-01-16;1.1714;1.1724;1.1719
2015-01-19;1.1423;1.1432;1.1427
2015-01-20;1.1392;1.14;1.1396
2015-01-21;1.1601;1.161;1.1605
2015-01-22;1.1484;1.1494;1.1489
2015-01-23;1.1393;1.1405;1.1399
2015-01-26;1.1133;1.1139;1.1136
2015-01-27;1.1075;1.1083;1.1079
2015-01-28;1.1046;1.1052;1.1049
2015-01-29;1.0882;1.0889;1.0885
2015-01-30;1.0864;1.0874;1.0869
2015-02-02;1.0812;1.0821;1.0816
2015-02-03;1.0817;1.0826;1.0821
2015-02-04;1.0803;1.0811;1.0807
2015-02-05;1.0808;1.0813;1.081
2015-02-06;1.0806;1.0814;1.081
2015-02-09;1.0808;1.0814;1.0811
2015-02-10;1.0798;1.0804;1.0801
2015-02-11;1.0789;1.0797;1.0793
2015-02-12;1.0766;1.0775;1.077
2015-02-13;1.0741;1.0748;1.0744
2015-02-16;1.0756;1.0761;1.0758
2015-02-17;1.0696;1.0708;1.0702
2015-02-18;1.0592;1.0605;1.0598
2015-02-19;1.0551;1.0558;1.0554
2015-02-20;1.0588;1.0594;1.0591
2015-02-23;1.0546;1.056;1.0553
2015-02-24;1.0532;1.0544;1.0538
2015-02-25;1.0529;1.0543;1.0536
2015-02-26;1.0481;1.0495;1.0488
2015-02-27;1.0541;1.0555;1.0548
2015-03-02;1.0443;1.0456;1.0449
2015-03-03;1.041;1.0423;1.0416
2015-03-04;1.0389;1.0401;1.0395
2015-03-05;1.0284;1.0291;1.0287
2015-03-06;1.0161;1.0174;1.0167
2015-03-09;1.0124;1.0135;1.0129
2015-03-10;1.0001;1.0007;1.0004
2015-03-11;0.9923;0.9932;0.9927
2015-03-12;0.9959;0.997;0.9964
2015-03-13;0.9943;0.9954;0.9948
2015-03-16;0.9924;0.9934;0.9929
2015-03-17;0.9953;0.9962;0.9957
2015-03-18;1.0046;1.0057;1.0051
2015-03-19;1.0072;1.0084;1.0078
2015-03-20;1.0235;1.0246;1.024
2015-03-23;1.0336;1.0348;1.0342
2015-03-24;1.0427;1.0437;1.0432
2015-03-25;1.0435;1.0447;1.0441
2015-03-26;1.04;1.0411;1.0405
2015-03-27;1.043;1.0436;1.0433
2015-03-30;1.0331;1.034;1.0335
2015-03-31;1.0291;1.03;1.0295
2015-04-01;1.0332;1.0342;1.0337
2015-04-02;1.0438;1.0449;1.0443
2015-04-03;1.0438;1.0449;1.0443
2015-04-06;1.0518;1.0525;1.0521
2015-04-07;1.0387;1.0398;1.0392
2015-04-08;1.0347;1.0357;1.0352
2015-04-09;1.0246;1.0255;1.025
2015-04-10;1.0204;1.0214;1.0209
2015-04-13;1.0213;1.0223;1.0218
2015-04-14;1.0315;1.0325;1.032
2015-04-15;1.0273;1.0283;1.0278
2015-04-16;1.04;1.0411;1.0405
2015-04-17;1.0483;1.0494;1.0488
2015-04-20;1.0472;1.0482;1.0477
2015-04-21;1.0473;1.0484;1.0478
2015-04-22;1.035;1.036;1.0355
2015-04-23;1.0463;1.0474;1.0468
2015-04-24;1.049;1.05;1.0495
2015-04-27;1.0488;1.0498;1.0493
2015-04-28;1.0508;1.0519;1.0513
2015-04-29;1.0655;1.0665;1.066
2015-04-30;1.0668;1.0678;1.0673
2015-05-01;1.073;1.0741;1.0735
2015-05-04;1.0701;1.0712;1.0706
2015-05-05;1.0797;1.0807;1.0802
2015-05-06;1.0939;1.0951;1.0945
2015-05-07;1.0866;1.0877;1.0871
2015-05-08;1.0776;1.0787;1.0781
2015-05-11;1.0706;1.0716;1.0711
2015-05-12;1.0797;1.0808;1.0802
2015-05-13;1.0893;1.0904;1.0898
2015-05-14;1.0921;1.0932;1.0926
2015-05-15;1.0913;1.0923;1.0918
2015-05-18;1.0842;1.0852;1.0847
2015-05-19;1.0656;1.0666;1.0661
2015-05-20;1.0646;1.0656;1.0651
2015-05-21;1.0678;1.0688;1.0683
2015-05-22;1.0602;1.0612;1.0607
2015-05-25;1.0602;1.0612;1.0607
2015-05-26;1.0528;1.0539;1.0533
2015-05-27;1.0503;1.0514;1.0508
2015-05-28;1.0568;1.0579;1.0573
2015-05-29;1.0595;1.0605;1.06
2015-06-01;1.0565;1.0575;1.057
2015-06-02;1.0699;1.0709;1.0704
2015-06-03;1.069;1.07;1.0695
2015-06-04;1.0705;1.0711;1.0708
2015-06-05;1.0556;1.0566;1.0561
2015-06-08;1.0669;1.068;1.0674
2015-06-09;1.0732;1.0743;1.0737
2015-06-10;1.0763;1.0773;1.0768
2015-06-11;1.0679;1.069;1.0684
2015-06-12;1.0789;1.0799;1.0794
2015-06-15;1.0689;1.0699;1.0694
2015-06-16;1.0731;1.0742;1.0736
2015-06-17;1.0748;1.0759;1.0753
2015-06-18;1.0888;1.0898;1.0893
2015-06-19;1.0837;1.0847;1.0842
2015-06-22;1.0892;1.0902;1.0897
2015-06-23;1.07;1.0706;1.0703
2015-06-24;1.0687;1.0694;1.069
2015-06-25;1.0656;1.0663;1.0659
2015-06-26;1.0692;1.0699;1.0695
2015-06-29;1.0757;1.0764;1.076
2015-06-30;1.0697;1.0703;1.07
2015-07-01;1.0586;1.0592;1.0589
2015-07-02;1.0594;1.0601;1.0597
2015-07-03;1.0615;1.0621;1.0618
2015-07-06;1.0591;1.0598;1.0594
2015-07-07;1.0521;1.0527;1.0524
2015-07-08;1.0524;1.0529;1.0526
2015-07-09;1.0551;1.0557;1.0554
2015-07-10;1.0646;1.0652;1.0649
2015-07-13;1.0527;1.0534;1.053
2015-07-14;1.0563;1.0569;1.0566
2015-07-15;1.0492;1.0499;1.0495
2015-07-16;1.0468;1.0474;1.0471
2015-07-17;1.0413;1.0418;1.0415
2015-07-20;1.0387;1.0393;1.039
2015-07-21;1.0447;1.0454;1.045
2015-07-22;1.0386;1.0393;1.0389
2015-07-23;1.0419;1.0425;1.0422
2015-07-24;1.0421;1.0428;1.0424
2015-07-27;1.0432;1.0439;1.0435
2015-07-28;1.0355;1.036;1.0357
2015-07-29;1.0382;1.0388;1.0385
2015-07-30;1.031;1.0316;1.0313
2015-07-31;1.0401;1.0408;1.0404
2015-08-03;1.0333;1.034;1.0336
2015-08-04;1.0272;1.0278;1.0275
2015-08-05;1.0183;1.0189;1.0186
2015-08-06;1.0184;1.0189;1.0186
2015-08-07;1.0172;1.0179;1.0175
2015-08-10;1.0137;1.0143;1.014
2015-08-11;1.0165;1.0171;1.0168
2015-08-12;1.0306;1.0311;1.0308
2015-08-13;1.0241;1.0247;1.0244
2015-08-14;1.0234;1.024;1.0237
2015-08-17;1.0219;1.0225;1.0222
2015-08-18;1.0227;1.0233;1.023
2015-08-19;1.0291;1.0298;1.0294
2015-08-20;1.0375;1.0382;1.0378
2015-08-21;1.0479;1.0485;1.0482
2015-08-24;1.0678;1.0684;1.0681
2015-08-25;1.0546;1.0551;1.0548
2015-08-26;1.0567;1.0573;1.057
2015-08-27;1.0386;1.0393;1.0389
2015-08-28;1.0408;1.0414;1.0411
2015-08-31;1.0338;1.0343;1.034
2015-09-01;1.0394;1.0401;1.0397
2015-09-02;1.0309;1.0316;1.0313
2015-09-03;1.0235;1.0242;1.0238
2015-09-04;1.0251;1.0257;1.0254
2015-09-07;1.0243;1.0249;1.0246
2015-09-08;1.0215;1.022;1.0217
2015-09-09;1.0226;1.0233;1.0229
2015-09-10;1.0247;1.0252;1.0249
2015-09-11;1.0246;1.0252;1.0249
2015-09-14;1.0304;1.0309;1.0306
2015-09-15;1.0271;1.0276;1.0273
2015-09-16;1.0323;1.0329;1.0326
2015-09-17;1.0313;1.0319;1.0316
2015-09-18;1.0409;1.0414;1.0411
2015-09-21;1.0286;1.029;1.0288
2015-09-22;1.0267;1.0273;1.027
2015-09-23;1.0206;1.0212;1.0209
2015-09-24;1.0323;1.0328;1.0325
2015-09-25;1.0232;1.0238;1.0235
2015-09-28;1.0252;1.0258;1.0255
2015-09-29;1.0277;1.0283;1.028
2015-09-30;1.0231;1.0238;1.0234
2015-10-01;1.0254;1.0259;1.0256
2015-10-02;1.0314;1.0319;1.0316
2015-10-05;1.0255;1.0261;1.0258
2015-10-06;1.0323;1.0328;1.0325
2015-10-07;1.0293;1.0298;1.0295
2015-10-08;1.0338;1.0345;1.0341
2015-10-09;1.0389;1.0395;1.0392
2015-10-12;1.0404;1.0411;1.0407
2015-10-13;1.0414;1.042;1.0417
2015-10-14;1.0494;1.0499;1.0496
2015-10-15;1.0518;1.0524;1.0521
2015-10-16;1.051;1.0516;1.0513
2015-10-19;1.0445;1.0451;1.0448
2015-10-20;1.0477;1.0483;1.048
2015-10-21;1.0449;1.0456;1.0452
2015-10-22;1.0291;1.0298;1.0294
2015-10-23;1.0239;1.0245;1.0242
2015-10-26;1.0183;1.0189;1.0186
2015-10-27;1.0147;1.0153;1.015
2015-10-28;1.0149;1.0154;1.0151
2015-10-29;1.0079;1.0086;1.0082
2015-10-30;1.0141;1.0148;1.0144
2015-11-02;1.0156;1.0162;1.0159
2015-11-03;1.0088;1.0093;1.009
2015-11-04;1.0067;1.0072;1.0069
2015-11-05;1.0024;1.003;1.0027
2015-11-06;0.9948;0.9955;0.9951
2015-11-09;0.9957;0.9963;0.996
2015-11-10;0.9929;0.9935;0.9932
2015-11-11;0.9955;0.996;0.9957
2015-11-12;0.9963;0.9968;0.9965
2015-11-13;0.9918;0.9924;0.9921
2015-11-16;0.9926;0.9931;0.9928
2015-11-17;0.9849;0.9856;0.9852
2015-11-18;0.9809;0.9814;0.9811
2015-11-19;0.9857;0.9862;0.9859
2015-11-20;0.9834;0.9839;0.9836
2015-11-23;0.9802;0.9808;0.9805
2015-11-24;0.983;0.9836;0.9833
2015-11-25;0.9765;0.977;0.9767
2015-11-26;0.9762;0.9766;0.9764
2015-11-27;0.9707;0.9713;0.971
2015-11-30;0.9725;0.9731;0.9728
2015-12-01;0.9716;0.9721;0.9718
2015-12-02;0.9717;0.9722;0.9719
2015-12-03;0.9966;0.9972;0.9969
2015-12-04;1.0;1.0006;1.0003
2015-12-07;0.9991;0.9997;0.9994
2015-12-08;1.0056;1.0062;1.0059
2015-12-09;1.0118;1.0125;1.0121
2015-12-10;1.011;1.0116;1.0113
2015-12-11;1.0164;1.0169;1.0166
2015-12-14;1.0189;1.0194;1.0191
2015-12-15;1.0094;1.0099;1.0096
2015-12-16;1.0127;1.0132;1.0129
2015-12-17;1.004;1.0044;1.0042
2015-12-18;1.0053;1.0059;1.0056
2015-12-21;1.0075;1.008;1.0077
2015-12-22;1.0117;1.0123;1.012
2015-12-23;1.0064;1.007;1.0067
2015-12-24;1.0126;1.0132;1.0129
2015-12-25;1.0126;1.0132;1.0129
2015-12-28;1.0113;1.0119;1.0116
2015-12-29;1.0067;1.0072;1.0069
2015-12-30;1.0095;1.0102;1.0098
2015-12-31;0.9987;0.9993;0.999
2016-01-01;0.9987;0.9993;0.999
2016-01-04;0.9945;0.995;0.9947
2016-01-05;0.9882;0.9887;0.9884
2016-01-06;0.9911;0.9915;0.9913
2016-01-07;0.9966;0.9971;0.9968
2016-01-08;1.0045;1.0051;1.0048
2016-01-11;0.9981;0.9986;0.9983
2016-01-12;0.9962;0.9967;0.9964
2016-01-13;0.9904;0.991;0.9907
2016-01-14;0.9911;0.9917;0.9914
2016-01-15;1.001;1.0015;1.0012
2016-01-18;0.9932;0.9938;0.9935
2016-01-19;0.9962;0.9968;0.9965
2016-01-20;0.9963;0.9968;0.9965
2016-01-21;0.9883;0.9889;0.9886
2016-01-22;0.9859;0.9864;0.9861
2016-01-25;0.9841;0.9847;0.9844
2016-01-26;0.9823;0.9828;0.9825
2016-01-27;0.9828;0.9833;0.983
2016-01-28;0.9861;0.9867;0.9864
2016-01-29;0.9757;0.9763;0.976
2016-02-01;0.9823;0.9829;0.9826
2016-02-02;0.9797;0.9802;0.9799
2016-02-03;0.9917;0.9923;0.992
2016-02-04;1.0022;1.0027;1.0024
2016-02-05;1.0066;1.0071;1.0068
2016-02-08;1.01;1.0105;1.0102
2016-02-09;1.0306;1.0312;1.0309
2016-02-10;1.0211;1.0216;1.0213
2016-02-11;1.0273;1.0278;1.0275
2016-02-12;1.0234;1.0239;1.0236
2016-02-15;1.0115;1.0122;1.0118
2016-02-16;1.0114;1.012;1.0117
2016-02-17;1.0066;1.0072;1.0069
2016-02-18;1.0057;1.0063;1.006
2016-02-19;1.0083;1.0089;1.0086
2016-02-22;1.0013;1.0019;1.0016
2016-02-23;1.0092;1.0096;1.0094
2016-02-24;1.0124;1.0129;1.0126
2016-02-25;1.0107;1.0113;1.011
2016-02-26;1.0012;1.0017;1.0014
2016-02-29;1.0037;1.0043;1.004
2016-03-01;1.0016;1.0021;1.0018
2016-03-02;0.9994;0.9998;0.9996
2016-03-03;1.007;1.0075;1.0072
2016-03-04;1.0063;1.0068;1.0065
2016-03-07;1.0013;1.0019;1.0016
2016-03-08;1.008;1.0086;1.0083
2016-03-09;1.0035;1.004;1.0037
2016-03-10;1.0122;1.0127;1.0124
2016-03-11;1.0162;1.0168;1.0165
2016-03-14;1.0142;1.0147;1.0144
2016-03-15;1.0147;1.0152;1.0149
2016-03-16;1.0118;1.0123;1.012
2016-03-17;1.0329;1.0335;1.0332
2016-03-18;1.0325;1.033;1.0327
2016-03-21;1.0329;1.0336;1.0332
2016-03-22;1.03;1.0306;1.0303
2016-03-23;1.0271;1.0276;1.0273
2016-03-24;1.0237;1.0242;1.0239
2016-03-25;1.0237;1.0242;1.0239
2016-03-28;1.0275;1.028;1.0277
2016-03-29;1.0246;1.0251;1.0248
2016-03-30;1.0393;1.0398;1.0395
2016-03-31;1.044;1.0445;1.0442
2016-04-01;1.0389;1.0394;1.0391
