USPMNBC.Q;ES;ESA;ESMAG
1993-05-31;49.6;49.6;1
1993-06-30;50.7;50.7;1
1993-07-30;52.7;52.7;1
1993-08-31;55.8;55.8;1
1993-09-30;58.7;58.7;1
1993-10-29;59.1;59.1;1
1993-11-30;61.3;61.3;1
1993-12-31;62.8;62.8;1
1994-01-31;65.9;65.9;1
1994-02-28;68.8;68.8;1
1994-03-31;71.2;71.2;1
1994-04-29;75.2;75.2;1
1994-05-31;77.3;77.3;1
1994-06-30;79.1;79.1;1
1994-07-29;80.4;80.4;1
1994-08-31;80.6;80.6;1
1994-09-30;79.2;79.2;1
1994-10-31;80.6;80.6;1
1994-11-30;81.0;81.0;1
1994-12-30;81.8;81.8;1
1995-01-31;81.4;81.4;1
1995-02-28;82.1;82.1;1
1995-03-31;84.5;84.5;1
1995-04-28;84.8;84.8;1
1995-05-31;85.0;85.0;1
1995-06-30;84.5;84.5;1
1995-07-31;84.6;84.6;1
1995-08-31;85.2;85.2;1
1995-09-29;86.2;86.2;1
1995-10-31;87.3;87.3;1
1995-11-30;88.0;88.0;1
1995-12-29;86.5;86.5;1
1996-01-31;88.4;88.4;1
1996-02-29;88.6;88.6;1
1996-03-29;90.6;90.6;1
1996-04-30;92.6;92.6;1
1996-05-31;94.6;94.6;1
1996-06-28;97.9;97.9;1
1996-07-31;100.6;100.6;1
1996-08-30;104.7;104.7;1
1996-09-30;106.4;106.4;1
1996-10-31;108.6;108.6;1
1996-11-29;112.1;112.1;1
1996-12-31;114.9;114.9;1
1997-01-31;118.4;118.4;1
1997-02-28;120.6;120.6;1
1997-03-31;122.0;122.0;1
1997-04-30;123.5;123.5;1
1997-05-30;124.8;124.8;1
1997-06-30;127.3;127.3;1
1997-07-31;129.0;129.0;1
1997-08-29;130.1;130.1;1
1997-09-30;132.2;132.2;1
1997-10-31;136.0;136.0;1
1997-11-28;138.0;138.0;1
1997-12-31;138.8;138.8;1
1998-01-30;140.3;140.3;1
1998-02-27;143.5;143.5;1
1998-03-31;146.6;146.6;1
1998-04-30;148.9;148.9;1
1998-05-29;151.5;151.5;1
1998-06-30;152.9;152.9;1
1998-07-31;154.3;154.3;1
1998-08-31;155.3;155.3;1
1998-09-30;155.0;155.0;1
1998-10-30;157.6;157.6;1
1998-11-30;158.2;158.2;1
1998-12-31;159.1;159.1;1
1999-01-29;160.6;160.6;1
1999-02-26;167.9;167.9;1
1999-03-31;169.6;169.6;1
1999-04-30;179.2;179.2;1
1999-05-31;186.0;186.0;1
1999-06-30;196.0;196.0;1
1999-07-30;202.0;202.0;1
1999-08-31;208.8;208.8;1
1999-09-30;214.9;214.9;1
1999-10-29;219.9;219.9;1
1999-11-30;226.5;226.5;1
1999-12-31;231.9;231.9;1
2000-01-31;238.1;238.1;1
2000-02-29;243.5;243.5;1
2000-03-31;250.9;250.9;1
2000-04-28;253.7;253.7;1
2000-05-31;252.6;252.6;1
2000-06-30;252.9;252.9;1
2000-07-31;258.5;258.5;1
2000-08-31;265.4;265.4;1
2000-09-29;270.2;270.2;1
2000-10-31;276.4;276.4;1
2000-11-30;279.4;279.4;1
2000-12-29;277.5;277.5;1
2001-01-31;279.4;279.4;1
2001-02-28;279.3;279.3;1
2001-03-30;278.1;278.1;1
2001-04-30;275.8;275.8;1
2001-05-31;273.9;273.9;1
2001-06-29;274.8;274.8;1
2001-07-31;271.2;271.2;1
2001-08-31;269.9;269.9;1
2001-09-28;268.0;268.0;1
2001-10-31;254.7;254.7;1
2001-11-30;247.6;247.6;1
2001-12-31;255.2;255.2;1
2002-01-31;245.6;245.6;1
2002-02-28;254.4;254.4;1
2002-03-29;255.4;255.4;1
2002-04-30;259.1;259.1;1
2002-05-31;262.6;262.6;1
2002-06-28;258.1;258.1;1
2002-07-31;257.1;257.1;1
2002-08-30;255.0;255.0;1
2002-09-30;254.0;254.0;1
2002-10-31;253.2;253.2;1
2002-11-29;257.6;257.6;1
2002-12-31;254.3;254.3;1
2003-01-31;250.2;250.2;1
2003-02-28;241.9;241.9;1
2003-03-31;234.4;234.4;1
2003-04-30;224.3;224.3;1
2003-05-30;218.1;218.1;1
2003-06-30;213.4;213.4;1
2003-07-31;207.5;207.5;1
2003-08-29;202.2;202.2;1
2003-09-30;201.6;201.6;1
2003-10-31;206.0;206.0;1
2003-11-28;208.8;208.8;1
2003-12-31;228.2;228.2;1
2004-01-30;242.0;242.0;1
2004-02-27;248.6;248.6;1
2004-03-31;252.1;252.1;1
2004-04-30;256.5;256.5;1
2004-05-31;267.2;267.2;1
2004-06-30;272.9;272.9;1
2004-07-30;279.8;279.8;1
2004-08-31;283.2;283.2;1
2004-09-30;287.7;287.7;1
2004-10-29;297.7;297.7;1
2004-11-30;299.1;299.1;1
2004-12-31;296.3;296.3;1
2005-01-31;299.7;299.7;1
2005-02-28;302.5;302.5;1
2005-03-31;305.8;305.8;1
2005-04-29;313.9;313.9;1
2005-05-31;317.6;317.6;1
2005-06-30;316.3;316.3;1
2005-07-29;322.6;322.6;1
2005-08-31;328.1;328.1;1
2005-09-30;336.9;336.9;1
2005-10-31;336.9;336.9;1
2005-11-30;337.9;337.9;1
2005-12-30;340.0;340.0;1
2006-01-31;343.3;343.3;1
2006-02-28;354.3;354.3;1
2006-03-31;363.7;363.7;1
2006-04-28;372.2;372.2;1
2006-05-31;375.7;375.7;1
2006-06-30;382.1;382.1;1
2006-07-31;397.3;397.3;1
2006-08-31;403.4;403.4;1
2006-09-29;410.0;410.0;1
2006-10-31;415.2;415.2;1
2006-11-30;428.7;428.7;1
2006-12-29;428.4;428.4;1
2007-01-31;430.0;430.0;1
2007-02-28;430.8;430.8;1
2007-03-30;430.7;430.7;1
2007-04-30;439.7;439.7;1
2007-05-31;431.9;431.9;1
2007-06-29;434.4;434.4;1
2007-07-31;430.1;430.1;1
2007-08-31;428.5;428.5;1
2007-09-28;422.3;422.3;1
2007-10-31;426.5;426.5;1
2007-11-30;431.2;431.2;1
2007-12-31;433.3;433.3;1
2008-01-31;430.8;430.8;1
2008-02-29;426.3;426.3;1
2008-03-31;422.9;422.9;1
2008-04-30;420.7;420.7;1
2008-05-30;414.9;414.9;1
2008-06-30;412.6;412.6;1
2008-07-31;409.7;409.7;1
2008-08-29;409.2;409.2;1
2008-09-30;403.9;403.9;1
2008-10-31;398.2;398.2;1
2008-11-28;390.3;390.3;1
2008-12-31;388.0;388.0;1
2009-01-30;380.0;380.0;1
2009-02-27;368.6;368.6;1
2009-03-31;364.0;364.0;1
2009-04-30;355.1;355.1;1
2009-05-29;353.6;353.6;1
2009-06-30;352.3;352.3;1
2009-07-31;353.5;353.5;1
2009-08-31;359.1;359.1;1
2009-09-30;369.8;369.8;1
2009-10-30;378.1;378.1;1
2009-11-30;386.2;386.2;1
2009-12-31;392.8;392.8;1
2010-01-29;401.4;401.4;1
2010-02-26;410.1;410.1;1
2010-03-31;413.8;413.8;1
2010-04-30;424.0;424.0;1
2010-05-31;433.5;433.5;1
2010-06-30;444.2;444.2;1
2010-07-30;450.8;450.8;1
2010-08-31;457.0;457.0;1
2010-09-30;463.6;463.6;1
2010-10-29;474.0;474.0;1
2010-11-30;483.4;483.4;1
2010-12-31;492.7;492.7;1
2011-01-31;499.8;499.8;1
2011-02-28;508.9;508.9;1
2011-03-31;514.0;514.0;1
2011-04-29;516.7;516.7;1
2011-05-31;521.2;521.2;1
2011-06-30;524.1;524.1;1
2011-07-29;527.7;527.7;1
2011-08-31;528.6;528.6;1
2011-09-30;529.7;529.7;1
2011-10-31;529.7;529.7;1
2011-11-30;531.5;531.5;1
2011-12-30;533.9;533.9;1
2012-01-31;537.9;537.9;1
2012-02-29;542.4;542.4;1
2012-03-30;547.6;547.6;1
2012-04-30;551.9;551.9;1
2012-05-31;550.9;550.9;1
2012-06-29;551.6;551.6;1
2012-07-31;553.4;553.4;1
2012-08-31;555.2;555.2;1
2012-09-28;557.8;557.8;1
2012-10-31;558.0;558.0;1
2012-11-30;561.1;561.1;1
2012-12-31;564.9;564.9;1
2013-01-31;568.3;568.3;1
2013-02-28;572.7;572.7;1
2013-03-29;573.3;573.3;1
2013-04-30;577.4;577.4;1
2013-05-31;579.6;579.6;1
2013-06-28;578.1;578.1;1
2013-07-31;587.0;587.0;1
2013-08-30;592.3;592.3;1
2013-09-30;594.1;594.1;1
2013-10-31;598.7;598.7;1
2013-11-29;608.5;608.5;1
2013-12-31;615.4;615.4;1
2014-01-31;622.6;622.6;1
2014-02-28;626.1;626.1;1
2014-03-31;627.1;627.1;1
2014-04-30;627.4;627.4;1
2014-05-30;630.1;630.1;1
2014-06-30;635.3;635.3;1
2014-07-31;644.4;644.4;1
2014-08-29;648.0;648.0;1
2014-09-30;654.8;654.8;1
2014-10-31;657.2;657.2;1
2014-11-28;663.4;663.4;1
2014-12-31;673.8;673.8;1
2015-01-30;671.1;671.1;1
2015-02-27;677.6;677.6;1
2015-03-31;677.6;677.6;1
2015-04-30;681.7;681.7;1
2015-05-29;683.7;683.7;1
2015-06-30;690.2;690.2;1
2015-07-31;699.7;699.7;1
2015-08-31;700.2;700.2;1
2015-09-30;697.4;697.4;1
2015-10-30;705.3;705.3;1
2015-11-30;710.6;710.6;1
2015-12-31;716.6;716.6;1
2016-01-29;718.9;718.9;1
2016-02-29;720.8;720.8;1
2016-03-31;721.0;721.0;1
