SPX04101275P;DZ;FV;GM;MP;OUP;PH;PL;PO;TA;VG;VL
2009-12-21;-0.89614;171.352;0.00148;171.35;1114.05;171.35;171.35;171.35;0.183539;1.081146;0.1847
2009-12-22;-0.92882;164.9;0.00129;164.9;1118.02;164.9;164.9;164.9;0.140467;0.791607;0.1569
2009-12-23;-0.91148;163.5;0.00145;163.5;1120.59;163.5;163.5;163.5;0.163704;0.946793;0.1681
2009-12-24;-0.91349;157.2;0.00149;157.2;1126.48;157.2;157.2;157.2;0.157424;0.931588;0.1609
2009-12-25;-0.91349;157.2;0.00149;157.2;1126.48;;;;0.157424;0.931588;0.1609
2009-12-28;-0.90442;156.1;0.00156;156.1;1127.777;156.1;156.1;156.1;0.169456;0.993788;0.1688
2009-12-29;-0.91112;157.2;0.00151;157.2;1126.199;157.2;157.2;157.2;0.162399;0.932688;0.1664
2009-12-30;-0.90535;156.9;0.00155;156.9;1126.42;156.9;156.9;156.9;0.165592;0.976707;0.1708
2009-12-31;-0.92254;167.85;0.00133;167.85;1115.1;167.85;167.85;167.85;0.157657;0.818908;0.1716
2010-01-01;-0.92254;167.85;0.00133;167.85;1115.1;;;;0.157657;0.818908;0.1716
2010-01-04;-0.91278;150.4;0.00156;150.4;1132.99;150.4;150.4;150.4;0.169014;0.900633;0.1626
2010-01-05;-0.91176;146.8;0.0016;146.8;1136.52;146.8;146.8;146.8;0.168943;0.907851;0.1601
2010-01-06;-0.91356;145.8;0.0016;145.8;1137.14;145.8;145.8;145.8;0.164321;0.889436;0.1587
2010-01-07;-0.91025;141.503;0.00167;141.5;1141.69;141.5;141.5;141.5;0.16942;0.916448;0.1567
2010-01-08;-0.91916;137.7;0.00163;137.7;1144.98;137.7;137.7;137.7;0.158604;0.841081;0.1477
2010-01-11;-0.90259;136.6;0.00179;136.6;1146.98;136.6;136.6;136.6;0.183551;0.963392;0.159
2010-01-12;-0.95351;144.4;0.00116;144.4;1136.22;144.4;144.4;144.4;0.117831;0.510061;0.1339
2010-01-13;-0.90591;137.3;0.00176;137.3;1145.68;137.3;137.3;137.3;0.177786;0.92737;0.1597
2010-01-14;-0.92436;133.3;0.00164;133.3;1148.46;133.3;133.3;133.3;0.151394;0.777007;0.1444
2010-01-15;-0.91966;146.1;0.00155;146.1;1136.03;146.1;146.1;146.1;0.165946;0.80323;0.1629
2010-01-18;-0.91966;146.1;0.00155;146.1;1136.03;;;;0.165946;0.80323;0.1629
2010-01-19;-0.91093;132.503;0.00178;132.5;1150.232;132.5;132.5;132.5;0.182088;0.864962;0.1562
2010-01-20;-0.93001;143.5;0.00148;143.5;1138.04;143.5;143.5;143.5;0.159389;0.700647;0.1574
2010-01-21;-0.92143;165.85;0.00137;165.85;1116.479;165.85;165.85;165.85;0.188061;0.751111;0.1911
2010-01-22;-0.98755;186.857;0.00031;186.5;1091.755;186.5;186.5;186.5;0.072835;0.115534;0.1365
2010-01-25;-0.94727;183.851;0.00101;183.85;1096.784;183.85;183.85;183.85;0.153798;0.516895;0.1933
2010-01-26;-0.92545;189.9;0.00119;189.9;1092.17;189.9;189.9;189.9;0.202369;0.684757;0.2234
2010-01-27;-0.95009;182.901;0.00099;182.9;1097.504;182.9;182.9;182.9;0.15077;0.487683;0.1918
2010-01-28;-0.93598;196.95;0.00106;196.95;1084.526;196.95;196.95;196.95;0.189989;0.591719;0.2242
2010-01-29;-0.96382;205.95;0.00072;205.95;1073.869;205.95;205.95;205.95;0.134362;0.352063;0.2025
2010-02-01;-0.95819;190.8;0.00085;190.8;1089.189;190.8;190.8;190.8;0.146649;0.40107;0.1978
2010-02-02;-0.92055;178.95;0.00129;178.95;1103.323;178.95;178.95;178.95;0.225642;0.696895;0.2247
2010-02-03;-0.99406;181.529;0.00011;180.8;1097.281;180.8;180.8;180.8;0.080629;0.03207;0.1206
2010-02-04;-0.99507;215.357;6e-05;214.75;1063.11;214.75;214.75;214.75;0.07355;0.017434;0.137
2010-02-05;-0.92325;215.901;0.00108;215.9;1066.187;215.9;215.9;215.9;0.246427;0.64219;0.2767
2010-02-08;-0.99079;221.35;0.0002;221.35;1056.74;221.35;221.35;221.35;0.078059;0.07206;0.1744
2010-02-09;-0.94852;209.75;0.0009;209.75;1070.52;209.75;209.75;209.75;0.189617;0.450222;0.2457
2010-02-10;-0.93921;212.6;0.00097;212.6;1068.13;212.6;212.6;212.6;0.21588;0.513533;0.2634
2010-02-11;-0.9864;200.002;0.00034;200.0;1078.47;200.0;200.0;200.0;0.096941;0.120096;0.174
2010-02-12;-0.99645;202.628;1e-05;197.6;1075.51;197.6;197.6;197.6;0.073291;0.001306;0.11
2010-02-15;-0.99645;202.628;1e-05;197.6;1075.51;;;;0.073291;0.001306;0.11
2010-02-16;-0.98377;183.501;0.00044;183.5;1094.87;183.5;183.5;183.5;0.106053;0.145804;0.1722
2010-02-17;-0.99677;178.516;;177.0;1099.51;177.0;177.0;177.0;0.07681;0.000604;0.0953
2010-02-18;-0.98831;171.303;0.00036;171.3;1106.75;171.3;171.3;171.3;0.093465;0.101983;0.1528
2010-02-19;-0.95227;170.2;0.00104;170.2;1109.17;170.2;170.2;170.2;0.181534;0.406144;0.2104
2010-02-22;-0.99715;169.695;;168.6;1108.01;168.6;168.6;168.6;0.075295;0.000774;0.0962
2010-02-23;-0.99718;183.017;1e-05;179.05;1094.6;179.05;179.05;179.05;0.074365;0.001237;0.1088
2010-02-24;-0.96322;173.301;0.00088;173.3;1105.24;173.3;173.3;173.3;0.16167;0.309159;0.2106
2010-02-25;-0.99703;174.601;3e-05;173.75;1102.94;173.75;173.75;173.75;0.075697;0.004807;0.1172
2010-02-26;-0.99656;173.012;6e-05;172.9;1104.49;172.9;172.9;172.9;0.077217;0.011673;0.1273
2010-03-01;-0.99718;161.659;3e-05;161.55;1115.71;161.55;161.55;161.55;0.077001;0.005579;0.1144
2010-03-02;-0.99665;158.997;7e-05;158.85;1118.31;158.85;158.85;158.85;0.07793;0.012805;0.1231
2010-03-03;-0.99734;158.418;3e-05;157.55;1118.79;157.55;157.55;157.55;0.075008;0.00474;0.1131
2010-03-04;-0.99756;154.144;2e-05;153.85;1122.97;153.85;153.85;153.85;0.073248;0.002815;0.1066
2010-03-05;-0.95697;139.702;0.00119;139.7;1138.69;139.7;139.7;139.7;0.188662;0.334364;0.1936
2010-03-08;-0.97259;139.1;0.0009;139.1;1138.5;139.1;139.1;139.1;0.147856;0.217386;0.1799
2010-03-09;-0.99764;136.446;4e-05;135.9;1140.45;135.9;135.9;135.9;0.074996;0.00502;0.1051
2010-03-10;-0.99803;131.285;1e-05;130.65;1145.61;130.65;130.65;130.65;0.076265;0.000737;0.0886
2010-03-11;-0.99798;126.569;2e-05;125.7;1150.24;125.7;125.7;125.7;0.075196;0.002535;0.0945
2010-03-12;-0.99795;126.768;3e-05;125.05;1149.99;125.05;125.05;125.05;0.075463;0.003564;0.0989
2010-03-15;-0.99838;126.096;;125.75;1150.51;125.75;125.75;125.75;0.074945;4.2e-05;0.0783
2010-03-16;-0.99819;117.104;3e-05;117.0;1159.46;117.0;117.0;117.0;0.076013;0.002945;0.0958
2010-03-17;-0.97565;110.75;0.00104;110.75;1166.21;110.75;110.75;110.75;0.144791;0.177983;0.1589
2010-03-18;-0.99812;110.621;5e-05;109.95;1165.83;109.95;109.95;109.95;0.076051;0.005149;0.0982
2010-03-19;-0.99862;116.48;;115.4;1159.9;115.4;115.4;115.4;0.073439;1e-06;0.0655
2010-03-22;-0.99863;110.413;2e-05;109.7;1165.81;109.7;109.7;109.7;0.07418;0.001627;0.0969
2010-03-23;-0.99533;102.051;0.00029;102.0;1174.17;102.0;102.0;102.0;0.086087;0.030942;0.1225
2010-03-24;-0.99871;108.329;2e-05;107.2;1167.72;107.2;107.2;107.2;0.069543;0.001793;0.1003
2010-03-25;-0.99891;110.292;;108.9;1165.73;108.9;108.9;108.9;0.07047;0.000189;0.0903
2010-03-26;-0.99897;109.399;;108.1;1166.58;108.1;108.1;108.1;0.070819;3.1e-05;0.0836
2010-03-29;-0.98479;102.851;0.00082;102.85;1173.22;102.85;102.85;102.85;0.140393;0.092238;0.1762
2010-03-30;-0.99918;102.545;;102.35;1173.27;102.35;102.35;102.35;0.073731;2e-06;0.0786
2010-03-31;-0.99922;106.342;;106.25;1169.43;106.25;106.25;106.25;0.074574;7.6e-05;0.0987
2010-04-01;-0.99827;97.633;0.00011;97.55;1178.1;97.55;97.55;97.55;0.080192;0.007859;0.1313
2010-04-02;-0.99827;97.633;0.00011;97.55;1178.1;;;;0.080192;0.007859;0.1313
2010-04-05;-0.99899;88.079;7e-05;88.05;1187.44;88.05;88.05;88.05;0.077925;0.003464;0.1309
2010-04-06;-0.99954;86.026;;85.35;1189.44;85.35;85.35;85.35;0.074901;3e-06;0.0894
2010-04-07;-0.99959;92.96;;92.8;1182.45;92.8;92.8;92.8;0.074214;9e-06;0.1074
2010-04-08;-0.99964;88.916;;87.8;1186.44;87.8;87.8;87.8;0.073627;;0.0696
2010-04-09;-0.99969;80.938;;78.6;1194.37;78.6;78.6;78.6;0.074216;;0.06
2010-04-12;-0.98535;78.85;0.00106;78.85;1196.48;78.85;78.85;78.85;0.381181;0.039901;0.3196
2010-04-13;-0.94757;78.8;0.00233;78.8;1197.3;78.8;78.8;78.8;1.848451;0.094774;0.5181
2010-04-14;-0.97186;64.751;0.00197;64.75;1210.65;64.75;64.75;64.75;1.595378;0.040817;0.5149
2010-04-15;;;;62.95;1211.67;62.95;62.95;62.95;;;
2008-04-15;;;;;1334.43;;;;;;
2008-04-16;;;;;1364.71;;;;;;
2008-04-17;;;;;1365.56;;;;;;
2008-04-18;;;;;1390.332;;;;;;
2008-04-21;;;;;1388.17;;;;;;
2008-04-22;;;;;1375.94;;;;;;
2008-04-23;;;;;1379.93;;;;;;
2008-04-24;;;;;1388.82;;;;;;
2008-04-25;;;;;1397.84;;;;;;
2008-04-28;;;;;1396.37;;;;;;
2008-04-29;;;;;1390.94;;;;;;
2008-04-30;;;;;1385.59;;;;;;
2008-05-01;;;;;1409.34;;;;;;
2008-05-02;;;;;1413.897;;;;;;
2008-05-05;;;;;1407.49;;;;;;
2008-05-06;;;;;1418.26;;;;;;
2008-05-07;;;;;1392.57;;;;;;
2008-05-08;;;;;1397.68;;;;;;
2008-05-09;;;;;1388.281;;;;;;
2008-05-12;;;;;1403.58;;;;;;
2008-05-13;;;;;1403.04;;;;;;
2008-05-14;;;;;1408.66;;;;;;
2008-05-15;;;;;1423.57;;;;;;
2008-05-16;;;;;1425.346;;;;;;
2008-05-19;;;;;1426.63;;;;;;
2008-05-20;;;;;1413.398;;;;;;
2008-05-21;;;;;1390.71;;;;;;
2008-05-22;;;;;1394.35;;;;;;
2008-05-23;;;;;1375.932;;;;;;
2008-05-26;;;;;1375.932;;;;;;
2008-05-27;;;;;1385.35;;;;;;
2008-05-28;;;;;1390.84;;;;;;
2008-05-29;;;;;1398.263;;;;;;
2008-05-30;;;;;1400.376;;;;;;
2008-06-02;;;;;1385.67;;;;;;
2008-06-03;;;;;1377.653;;;;;;
2008-06-04;;;;;1377.2;;;;;;
2008-06-05;;;;;1404.05;;;;;;
2008-06-06;;;;;1360.68;;;;;;
2008-06-09;;;;;1361.76;;;;;;
2008-06-10;;;;;1358.443;;;;;;
2008-06-11;;;;;1335.487;;;;;;
2008-06-12;;;;;1339.87;;;;;;
2008-06-13;;;;;1360.03;;;;;;
2008-06-16;;;;;1360.14;;;;;;
2008-06-17;;;;;1350.93;;;;;;
2008-06-18;;;;;1337.81;;;;;;
2008-06-19;;;;;1342.832;;;;;;
2008-06-20;;;;;1317.93;;;;;;
2008-06-23;;;;;1318.002;;;;;;
2008-06-24;;;;;1314.29;;;;;;
2008-06-25;;;;;1321.97;;;;;;
2008-06-26;;;;;1283.15;;;;;;
2008-06-27;;;;;1278.38;;;;;;
2008-06-30;;;;;1280.0;;;;;;
2008-07-01;;;;;1284.914;;;;;;
2008-07-02;;;;;1261.52;;;;;;
2008-07-03;;;;;1262.9;;;;;;
2008-07-04;;;;;1262.9;;;;;;
2008-07-07;;;;;1252.31;;;;;;
2008-07-08;;;;;1273.7;;;;;;
2008-07-09;;;;;1244.69;;;;;;
2008-07-10;;;;;1253.39;;;;;;
2008-07-11;;;;;1239.49;;;;;;
2008-07-14;;;;;1228.297;;;;;;
2008-07-15;;;;;1214.908;;;;;;
2008-07-16;;;;;1245.36;;;;;;
2008-07-17;;;;;1260.32;;;;;;
2008-07-18;;;;;1260.68;;;;;;
2008-07-21;;;;;1260.0;;;;;;
2008-07-22;;;;;1277.0;;;;;;
2008-07-23;;;;;1282.19;;;;;;
2008-07-24;;;;;1252.54;;;;;;
2008-07-25;;;;;1257.764;;;;;;
2008-07-28;;;;;1234.37;;;;;;
2008-07-29;;;;;1263.2;;;;;;
2008-07-30;;;;;1284.26;;;;;;
2008-07-31;;;;;1267.38;;;;;;
2008-08-01;;;;;1260.314;;;;;;
2008-08-04;;;;;1249.01;;;;;;
2008-08-05;;;;;1284.88;;;;;;
2008-08-06;;;;;1289.188;;;;;;
2008-08-07;;;;;1266.07;;;;;;
2008-08-08;;;;;1296.32;;;;;;
2008-08-11;;;;;1305.32;;;;;;
2008-08-12;;;;;1289.59;;;;;;
2008-08-13;;;;;1285.83;;;;;;
2008-08-14;;;;;1292.93;;;;;;
2008-08-15;;;;;1298.2;;;;;;
2008-08-18;;;;;1278.6;;;;;;
2008-08-19;;;;;1266.69;;;;;;
2008-08-20;;;;;1274.54;;;;;;
2008-08-21;;;;;1277.72;;;;;;
2008-08-22;;;;;1292.196;;;;;;
2008-08-25;;;;;1266.84;;;;;;
2008-08-26;;;;;1271.51;;;;;;
2008-08-27;;;;;1281.664;;;;;;
2008-08-28;;;;;1300.68;;;;;;
2008-08-29;;;;;1282.83;;;;;;
2008-09-01;;;;;1282.83;;;;;;
2008-09-02;;;;;1277.577;;;;;;
2008-09-03;;;;;1274.98;;;;;;
2008-09-04;;;;;1236.83;;;;;;
2008-09-05;;;;;1242.314;;;;;;
2008-09-08;;;;;1267.79;;;;;;
2008-09-09;;;;;1224.51;;;;;;
2008-09-10;;;;;1232.04;;;;;;
2008-09-11;;;;;1249.049;;;;;;
2008-09-12;;;;;1251.701;;;;;;
2008-09-15;;;;;1192.7;;;;;;
2008-09-16;;;;;1213.59;;;;;;
2008-09-17;;;;;1156.386;;;;;;
2008-09-18;;;;;1206.51;;;;;;
2008-09-19;;;;;1255.08;;;;;;
2008-09-22;;;;;1207.09;;;;;;
2008-09-23;;;;;1188.22;;;;;;
2008-09-24;;;;;1185.87;;;;;;
2008-09-25;;;;;1209.179;;;;;;
2008-09-26;;;;;1213.01;;;;;;
2008-09-29;;;;;1106.391;;;;;;
2008-09-30;;;;;1166.361;;;;;;
2008-10-01;;;;;1161.065;;;;;;
2008-10-02;;;;;1114.279;;;;;;
2008-10-03;;;;;1099.234;;;;;;
2008-10-06;;;;;1056.887;;;;;;
2008-10-07;;;;;996.23;;;;;;
2008-10-08;;;;;984.941;;;;;;
2008-10-09;;;;;909.92;;;;;;
2008-10-10;;;;;899.22;;;;;;
2008-10-13;;;;;1003.353;;;;;;
2008-10-14;;;;;998.012;;;;;;
2008-10-15;;;;;907.84;;;;;;
2008-10-16;;;;;946.43;;;;;;
2008-10-17;;;;;940.55;;;;;;
2008-10-20;;;;;985.4;;;;;;
2008-10-21;;;;;955.05;;;;;;
2008-10-22;;;;;896.78;;;;;;
2008-10-23;;;;;908.114;;;;;;
2008-10-24;;;;;876.77;;;;;;
2008-10-27;;;;;848.92;;;;;;
2008-10-28;;;;;940.51;;;;;;
2008-10-29;;;;;930.092;;;;;;
2008-10-30;;;;;954.087;;;;;;
2008-10-31;;;;;968.754;;;;;;
2008-11-03;;;;;966.303;;;;;;
2008-11-04;;;;;1005.753;;;;;;
2008-11-05;;;;;952.767;;;;;;
2008-11-06;;;;;904.884;;;;;;
2008-11-07;;;;;930.99;;;;;;
2008-11-10;;;;;919.208;;;;;;
2008-11-11;;;;;898.955;;;;;;
2008-11-12;;;;;852.302;;;;;;
2008-11-13;;;;;911.294;;;;;;
2008-11-14;;;;;873.291;;;;;;
2008-11-17;;;;;850.75;;;;;;
2008-11-18;;;;;859.12;;;;;;
2008-11-19;;;;;806.576;;;;;;
2008-11-20;;;;;752.436;;;;;;
2008-11-21;;;;;800.03;;;;;;
2008-11-24;;;;;851.809;;;;;;
2008-11-25;;;;;857.39;;;;;;
2008-11-26;;;;;887.68;;;;;;
2008-11-27;;;;;887.68;;;;;;
2008-11-28;;;;;896.237;;;;;;
2008-12-01;;;;;816.211;;;;;;
2008-12-02;;;;;848.808;;;;;;
2008-12-03;;;;;870.739;;;;;;
2008-12-04;;;;;845.222;;;;;;
2008-12-05;;;;;876.067;;;;;;
2008-12-08;;;;;909.7;;;;;;
2008-12-09;;;;;888.669;;;;;;
2008-12-10;;;;;899.24;;;;;;
2008-12-11;;;;;873.59;;;;;;
2008-12-12;;;;;879.73;;;;;;
2008-12-15;;;;;868.574;;;;;;
2008-12-16;;;;;913.18;;;;;;
2008-12-17;;;;;904.42;;;;;;
2008-12-18;;;;;885.28;;;;;;
2008-12-19;;;;;887.881;;;;;;
2008-12-22;;;;;871.63;;;;;;
2008-12-23;;;;;863.156;;;;;;
2008-12-24;;;;;868.153;;;;;;
2008-12-25;;;;;868.153;;;;;;
2008-12-26;;;;;872.797;;;;;;
2008-12-29;;;;;869.42;;;;;;
2008-12-30;;;;;890.635;;;;;;
2008-12-31;;;;;903.255;;;;;;
2009-01-01;;;;;903.255;;;;;;
2009-01-02;;;;;931.8;;;;;;
2009-01-05;;;;;927.45;;;;;;
2009-01-06;;;;;934.697;;;;;;
2009-01-07;;;;;906.646;;;;;;
2009-01-08;;;;;909.73;;;;;;
2009-01-09;;;;;890.35;;;;;;
2009-01-12;;;;;870.26;;;;;;
2009-01-13;;;;;871.785;;;;;;
2009-01-14;;;;;842.616;;;;;;
2009-01-15;;;;;843.738;;;;;;
2009-01-16;;;;;850.12;;;;;;
2009-01-19;;;;;850.12;;;;;;
2009-01-20;;;;;805.224;;;;;;
2009-01-21;;;;;840.244;;;;;;
2009-01-22;;;;;827.495;;;;;;
2009-01-23;;;;;831.952;;;;;;
2009-01-26;;;;;836.569;;;;;;
2009-01-27;;;;;845.706;;;;;;
2009-01-28;;;;;874.094;;;;;;
2009-01-29;;;;;845.143;;;;;;
2009-01-30;;;;;825.882;;;;;;
2009-02-02;;;;;825.437;;;;;;
2009-02-03;;;;;838.51;;;;;;
2009-02-04;;;;;832.23;;;;;;
2009-02-05;;;;;845.85;;;;;;
2009-02-06;;;;;868.603;;;;;;
2009-02-09;;;;;869.885;;;;;;
2009-02-10;;;;;827.161;;;;;;
2009-02-11;;;;;833.74;;;;;;
2009-02-12;;;;;835.189;;;;;;
2009-02-13;;;;;826.84;;;;;;
2009-02-16;;;;;826.84;;;;;;
2009-02-17;;;;;789.171;;;;;;
2009-02-18;;;;;788.416;;;;;;
2009-02-19;;;;;778.942;;;;;;
2009-02-20;;;;;770.047;;;;;;
2009-02-23;;;;;743.328;;;;;;
2009-02-24;;;;;773.145;;;;;;
2009-02-25;;;;;764.902;;;;;;
2009-02-26;;;;;752.831;;;;;;
2009-02-27;;;;;735.092;;;;;;
2009-03-02;;;;;700.819;;;;;;
2009-03-03;;;;;696.33;;;;;;
2009-03-04;;;;;712.87;;;;;;
2009-03-05;;;;;682.553;;;;;;
2009-03-06;;;;;683.38;;;;;;
2009-03-09;;;;;676.53;;;;;;
2009-03-10;;;;;719.598;;;;;;
2009-03-11;;;;;721.358;;;;;;
2009-03-12;;;;;750.74;;;;;;
2009-03-13;;;;;756.553;;;;;;
2009-03-16;;;;;753.893;;;;;;
2009-03-17;;;;;778.119;;;;;;
2009-03-18;;;;;794.349;;;;;;
2009-03-19;;;;;784.039;;;;;;
2009-03-20;;;;;768.544;;;;;;
2009-03-23;;;;;822.915;;;;;;
2009-03-24;;;;;806.12;;;;;;
2009-03-25;;;;;813.88;;;;;;
2009-03-26;;;;;832.858;;;;;;
2009-03-27;;;;;815.938;;;;;;
2009-03-30;;;;;787.533;;;;;;
2009-03-31;;;;;797.867;;;;;;
2009-04-01;;;;;811.075;;;;;;
2009-04-02;;;;;834.378;;;;;;
2009-04-03;;;;;842.5;;;;;;
2009-04-06;;;;;835.478;;;;;;
2009-04-07;;;;;815.553;;;;;;
2009-04-08;;;;;825.156;;;;;;
2009-04-09;;;;;856.56;;;;;;
2009-04-10;;;;;856.56;;;;;;
2009-04-13;;;;;858.731;;;;;;
2009-04-14;;;;;841.505;;;;;;
2009-04-15;;;;;852.062;;;;;;
2009-04-16;;;;;865.302;;;;;;
2009-04-17;;;;;869.595;;;;;;
2009-04-20;;;;;832.392;;;;;;
2009-04-21;;;;;850.078;;;;;;
2009-04-22;;;;;843.59;;;;;;
2009-04-23;;;;;851.922;;;;;;
2009-04-24;;;;;866.229;;;;;;
2009-04-27;;;;;860.54;;;;;;
2009-04-28;;;;;855.157;;;;;;
2009-04-29;;;;;873.643;;;;;;
2009-04-30;;;;;872.807;;;;;;
2009-05-01;;;;;877.523;;;;;;
2009-05-04;;;;;907.237;;;;;;
2009-05-05;;;;;903.801;;;;;;
2009-05-06;;;;;919.535;;;;;;
2009-05-07;;;;;907.388;;;;;;
2009-05-08;;;;;929.231;;;;;;
2009-05-11;;;;;909.239;;;;;;
2009-05-12;;;;;908.346;;;;;;
2009-05-13;;;;;883.916;;;;;;
2009-05-14;;;;;893.065;;;;;;
2009-05-15;;;;;882.875;;;;;;
2009-05-18;;;;;909.708;;;;;;
2009-05-19;;;;;908.13;;;;;;
2009-05-20;;;;;903.472;;;;;;
2009-05-21;;;;;888.331;;;;;;
2009-05-22;;;;;887.001;;;;;;
2009-05-25;;;;;887.001;;;;;;
2009-05-26;;;;;910.331;;;;;;
2009-05-27;;;;;893.06;;;;;;
2009-05-28;;;;;906.833;;;;;;
2009-05-29;;;;;919.14;;;;;;
2009-06-01;;;;;942.87;;;;;;
2009-06-02;;;;;944.736;;;;;;
2009-06-03;;;;;931.762;;;;;;
2009-06-04;;;;;942.464;;;;;;
2009-06-05;;;;;940.088;;;;;;
2009-06-08;;;;;939.135;;;;;;
2009-06-09;;;;;942.434;;;;;;
2009-06-10;;;;;939.153;;;;;;
2009-06-11;;;;;944.891;;;;;;
2009-06-12;;;;;946.207;;;;;;
2009-06-15;;;;;923.721;;;;;;
2009-06-16;;;;;911.966;;;;;;
2009-06-17;;;;;910.71;;;;;;
2009-06-18;;;;;918.37;;;;;;
2009-06-19;;;;;921.227;;;;;;
2009-06-22;;;;;893.042;;;;;;
2009-06-23;;;;;895.098;;;;;;
2009-06-24;;;;;900.94;;;;;;
2009-06-25;;;;;920.264;;;;;;
2009-06-26;;;;;918.904;;;;;;
2009-06-29;;;;;927.229;;;;;;
2009-06-30;;;;;919.324;;;;;;
2009-07-01;;;;;923.33;;;;;;
2009-07-02;;;;;896.423;;;;;;
2009-07-03;;;;;896.423;;;;;;
2009-07-06;;;;;898.718;;;;;;
2009-07-07;;;;;881.032;;;;;;
2009-07-08;;;;;879.56;;;;;;
2009-07-09;;;;;882.682;;;;;;
2009-07-10;;;;;879.13;;;;;;
2009-07-13;;;;;901.051;;;;;;
2009-07-14;;;;;905.837;;;;;;
2009-07-15;;;;;932.68;;;;;;
2009-07-16;;;;;940.74;;;;;;
2009-07-17;;;;;940.38;;;;;;
2009-07-20;;;;;951.13;;;;;;
2009-07-21;;;;;954.576;;;;;;
2009-07-22;;;;;954.07;;;;;;
2009-07-23;;;;;976.29;;;;;;
2009-07-24;;;;;979.262;;;;;;
2009-07-27;;;;;982.177;;;;;;
2009-07-28;;;;;979.624;;;;;;
2009-07-29;;;;;975.147;;;;;;
2009-07-30;;;;;986.754;;;;;;
2009-07-31;;;;;987.475;;;;;;
2009-08-03;;;;;1002.625;;;;;;
2009-08-04;;;;;1005.647;;;;;;
2009-08-05;;;;;1002.723;;;;;;
2009-08-06;;;;;997.08;;;;;;
2009-08-07;;;;;1010.475;;;;;;
2009-08-10;;;;;1007.095;;;;;;
2009-08-11;;;;;994.35;;;;;;
2009-08-12;;;;;1005.81;;;;;;
2009-08-13;;;;;1012.733;;;;;;
2009-08-14;;;;;1004.09;;;;;;
2009-08-17;;;;;979.73;;;;;;
2009-08-18;;;;;989.669;;;;;;
2009-08-19;;;;;996.464;;;;;;
2009-08-20;;;;;1007.37;;;;;;
2009-08-21;;;;;1026.13;;;;;;
2009-08-24;;;;;1025.572;;;;;;
2009-08-25;;;;;1027.998;;;;;;
2009-08-26;;;;;1028.12;;;;;;
2009-08-27;;;;;1030.98;;;;;;
2009-08-28;;;;;1028.932;;;;;;
2009-08-31;;;;;1020.625;;;;;;
2009-09-01;;;;;998.042;;;;;;
2009-09-02;;;;;994.75;;;;;;
2009-09-03;;;;;1003.24;;;;;;
2009-09-04;;;;;1016.404;;;;;;
2009-09-07;;;;;1016.404;;;;;;
2009-09-08;;;;;1025.386;;;;;;
2009-09-09;;;;;1033.374;;;;;;
2009-09-10;;;;;1044.14;;;;;;
2009-09-11;;;;;1042.73;;;;;;
2009-09-14;;;;;1049.34;;;;;;
2009-09-15;;;;;1052.63;;;;;;
2009-09-16;;;;;1068.76;;;;;;
2009-09-17;;;;;1065.485;;;;;;
2009-09-18;;;;;1068.295;;;;;;
2009-09-21;;;;;1064.66;;;;;;
2009-09-22;;;;;1071.66;;;;;;
2009-09-23;;;;;1060.87;;;;;;
2009-09-24;;;;;1050.78;;;;;;
2009-09-25;;;;;1044.38;;;;;;
2009-09-28;;;;;1062.98;;;;;;
2009-09-29;;;;;1060.606;;;;;;
2009-09-30;;;;;1057.08;;;;;;
2009-10-01;;;;;1029.85;;;;;;
2009-10-02;;;;;1025.21;;;;;;
2009-10-05;;;;;1040.46;;;;;;
2009-10-06;;;;;1054.72;;;;;;
2009-10-07;;;;;1057.58;;;;;;
2009-10-08;;;;;1065.48;;;;;;
2009-10-09;;;;;1071.49;;;;;;
2009-10-12;;;;;1076.19;;;;;;
2009-10-13;;;;;1073.19;;;;;;
2009-10-14;;;;;1092.02;;;;;;
2009-10-15;;;;;1096.56;;;;;;
2009-10-16;;;;;1087.68;;;;;;
2009-10-19;;;;;1097.91;;;;;;
2009-10-20;;;;;1091.06;;;;;;
2009-10-21;;;;;1081.4;;;;;;
2009-10-22;;;;;1092.91;;;;;;
2009-10-23;;;;;1079.6;;;;;;
2009-10-26;;;;;1066.95;;;;;;
2009-10-27;;;;;1063.415;;;;;;
2009-10-28;;;;;1042.63;;;;;;
2009-10-29;;;;;1066.11;;;;;;
2009-10-30;;;;;1036.194;;;;;;
2009-11-02;;;;;1042.88;;;;;;
2009-11-03;;;;;1045.41;;;;;;
2009-11-04;;;;;1046.5;;;;;;
2009-11-05;;;;;1066.63;;;;;;
2009-11-06;;;;;1069.3;;;;;;
2009-11-09;;;;;1093.08;;;;;;
2009-11-10;;;;;1093.01;;;;;;
2009-11-11;;;;;1098.51;;;;;;
2009-11-12;;;;;1087.24;;;;;;
2009-11-13;;;;;1093.48;;;;;;
2009-11-16;;;;;1109.3;;;;;;
2009-11-17;;;;;1110.32;;;;;;
2009-11-18;;;;;1109.8;;;;;;
2009-11-19;;;;;1094.9;;;;;;
2009-11-20;;;;;1091.38;;;;;;
2009-11-23;;;;;1106.24;;;;;;
2009-11-24;;;;;1105.653;;;;;;
2009-11-25;;;;;1110.63;;;;;;
2009-11-26;;;;;1110.63;;;;;;
2009-11-27;;;;;1091.491;;;;;;
2009-11-30;;;;;1095.63;;;;;;
2009-12-01;;;;;1108.86;;;;;;
2009-12-02;;;;;1109.24;;;;;;
2009-12-03;;;;;1099.92;;;;;;
2009-12-04;;;;;1105.98;;;;;;
2009-12-07;;;;;1103.25;;;;;;
2009-12-08;;;;;1091.94;;;;;;
2009-12-09;;;;;1095.95;;;;;;
2009-12-10;;;;;1102.35;;;;;;
2009-12-11;;;;;1106.41;;;;;;
2009-12-14;;;;;1114.11;;;;;;
2009-12-15;;;;;1107.93;;;;;;
2009-12-16;;;;;1109.18;;;;;;
2009-12-17;;;;;1096.08;;;;;;
2009-12-18;;;;;1102.466;;;;;;
